(0.0, 0.0), (0.7953046050268819, -0.6062100174222094), (0.18909458760467263, -1.4015146224490913), (-0.6062100174222094, -0.7953046050268819), (-0.7007573112245455, -0.09454729380233601), (0.2085577149087682, 1.0984096137379866), (0.9093150261333137, 1.192956907540323), (0.11401042110643131, 1.7991669249625322), (-1.4015146224490913, -0.18909458760467268), (-2.1968192274759732, 0.4171154298175365), (-2.8030292448981826, -0.37818917520934536), (-2.007724639871301, -0.9843991926315545), (-1.9131773460689638, -1.6851565038561007), (-2.8224923722022788, -2.8781134113964226), (-3.5232496834268234, -2.9726607051987592), (-2.727945078399942, -3.5788707226209686), (-1.2124200348444187, -1.5906092100537639), (-0.41711542981753663, -2.1968192274759732), (-1.0233254472397464, -2.9921238325028554), (-0.228020842212863, -3.5983338499250643), (0.37818917520934525, -2.8030292448981826), (1.173493780236226, -3.409239262320392), (1.4195935783941156, -3.911170422288217), (1.2680410740385635, -4.1099965735449375), (0.7188362671695695, -4.005717716090554), (0.964936065327458, -4.507648876058378), (0.8133835609719066, -4.706475027315099), (0.2641787541029137, -4.602196169860714), (0.5102785522608021, -5.104127329828541), (0.3587260479052473, -5.302953481085261), (-0.1904787589637457, -5.198674623630876), (0.45327334170758515, -6.003710792309806), (1.9687983852631088, -4.015449279742602), (2.7641029902899903, -4.62165929716481), (3.3703130077122014, -3.8263546921379277), (0.9843991926315544, -2.007724639871301), (1.5906092100537639, -1.2124200348444187), (2.385913815080646, -1.818630052266628), (2.9921238325028554, -1.0233254472397464), (2.1968192274759732, -0.41711542981753674), (2.8030292448981826, 0.37818917520934603), (3.5983338499250643, -0.22802084221286326), (3.692881143727401, -0.9287781534374101), (2.783566117594087, -2.121735060977733), (2.0828088063695405, -2.216282354780069), (2.878113411396422, -2.822492372202279), (4.3936384549519465, -0.8342308596350735), (5.188943059978828, -1.440440877057283), (5.795153077401038, -0.6451362720304017), (4.999848472374156, -0.03892625460819238), (4.905301178571819, 0.6618310566163554), (5.814616204705132, 1.8547879641566787), (6.515373515929678, 1.9493352579590155), (5.720068910902795, 2.555545275381225), (4.204543867347273, 0.5672837628140189), (3.409239262320391, 1.1734937802362282), (4.015449279742601, 1.9687983852631101), (3.220144674715718, 2.5750084026853193), (2.6139346572935094, 1.7797037976584373), (1.8186300522666274, 2.385913815080646), (2.4248400696888366, 3.181218420107528), (3.125597380913382, 3.2757657139098653), (4.318554288453705, 2.3664506877765517), (4.413101582256042, 1.6656933765520054), (5.01931159967825, 2.4609979815788887), (3.031050087111046, 3.9765230251344104), (3.637260104533255, 4.771827630161292), (2.8419554995063727, 5.3780376475835014), (2.2357454820841633, 4.58273304255662), (1.4404408770572796, 5.188943059978828), (3.2590709293239093, 7.574856875059474), (2.463766324297024, 8.181066892481685), (1.8575563068748158, 7.385762287454803), (1.062251701847936, 7.99197230487701), (1.6684617192701456, 8.787276909903893), (7.046499366853646, 5.945321410397521), (6.251194761826764, 6.5515314278197305), (13.525714970893272, 16.095186688142316), (10.344496550785745, 18.52002675783115), (3.0699763417192334, 8.976371497508566), (2.274671736692354, 9.582581514930775), (2.8808817541145593, 10.377886119957656), (2.085577149087682, 10.984096137379867), (0.26694709682105533, 8.59818232229922), (-0.5283575082058285, 9.204392339721428), (-1.1345675256280365, 8.409087734694547), (1.251346289452609, 6.59045768242792), (0.6451362720304007, 5.795153077401038), (-0.1501683329964832, 6.401363094823246), (-0.7563783504186911, 5.606058489796365), (1.6295354646619546, 3.787428437529737), (1.0233254472397446, 2.992123832502856), (0.22802084221286262, 3.5983338499250643), (-0.37818917520934553, 2.8030292448981826), (2.0077246398713005, 0.9843991926315551), (1.4015146224490913, 0.18909458760467301), (0.6062100174222091, 0.795304605026882)
(-1.4796135914235458, 9.395730934280092), (-0.2376623691869577, 15.265786910298125), (-2.1943476945263036, 15.679770651043656), (-3.4362989167628895, 9.80971467502562)
(-4.190157201125893, 8.53882888920758), (-3.598822980990524, 6.440083671043061), (-1.5000777628260074, 7.03141789117843), (-2.0914119829613753, 9.130163109342947)
(-3.8542550059744096, 0.05628320199397341), (-2.5965291414232916, 2.779906826806907), (-3.5044036830276, 3.1991487816572795), (-4.762129547578721, 0.47552515684434615)
(-2.3416411144016984, 5.572851566503969), (0.6135666810654354, 5.056376121191915), (0.7857251628361199, 6.041445386347624), (-2.169482632631014, 6.55792083165968)
(-2.644910224431564, 2.8040861888684634), (-2.7343895581156947, 3.5055086356460414), (-1.8164748884755244, 4.6918613063386045), (-1.1150524416979464, 4.7813406400227345), (-1.9059542221596548, 5.393283753116181), (-3.4358120048932723, 3.4160293019619106)
(1.7903666709592534, -0.2060822991335205), (1.9251133911348635, 2.832312560229217), (0.8122249176619118, 0.001856899807906598)
(0.5039607777178855, 2.458167086488205), (0.9448260488601097, 5.467425768074202), (-0.4481844557077228, 2.763813049106548)
(2.880120650129372, 2.561904465549771), (3.37880110028657, 1.6951185585167745), (4.245587007319567, 2.1937990086739725), (3.7469065571623688, 3.060584915706969)
(6.050127407796375, 5.381666362651285), (5.313017714652106, 4.705893249637191), (5.988790827666201, 3.9687835564929212), (6.7259005208104705, 4.644556669507016)
(3.146412715716501, 0.08494487834504194), (3.8532607687488567, 0.10407155930039669), (3.8341340877935015, 0.8109196123327531), (3.127286034761146, 0.7917929313773977)
(-2.408424953814335, 3.8741785621826805), (-1.9246587163133548, 3.3584555479064653), (-1.4089357020371396, 3.842221785407446), (-1.8927019395381204, 4.35794479968366)
(-4.2590704030533395, 10.13612505414646), (-3.3204254363112717, 10.481010000773276), (-3.6653103829380878, 11.419654967515342), (-4.603955349680155, 11.074770020888527)
(3.8532619474085577, 0.10402795085312344), (3.153024188188272, 0.005706637994959518), (3.251345501046436, -0.6945311212253265), (3.951583260266722, -0.5962098083671623)
(8.847623039561153, 6.410243708236971), (9.035957886777426, 7.091808074473956), (8.354393520540441, 7.280142921690229), (8.166058673324168, 6.598578555453242)
(-1.6257020414986538, 16.57188094225637), (-0.9185984175562121, 16.569767885829254), (-0.9164853611290908, 17.276871509771695), (-1.6235889850715344, 17.278984566198815)
(1.0609550995535706, 2.963360067003471), (0.6118944834408461, 2.4171508002782884), (1.1581037501660285, 1.968090184165564), (1.607164366278753, 2.5142994508907464)
(-6.514975402832427, 10.479952052824736), (-5.829055518651984, 10.308155916413321), (-5.6572593822405715, 10.994075800593764), (-6.343179266421013, 11.165871937005177)
(8.221039013499011, 4.78367366234783), (7.606639842441547, 5.133693174095248), (7.256620330694129, 4.519294003037782), (7.8710195017515945, 4.1692744912903645)
(8.275010307535096, 5.9953766703541636), (8.504788237775031, 5.326644958249337), (9.173519949879855, 5.556422888489272), (8.943742019639922, 6.225154600594098)
(0.07703761989006601, 0.30969413200350926), (0.7118514052662093, -0.001772492045380103), (1.0233180293150985, 0.6330412933307631), (0.3885042439389555, 0.9445079173796526)
(3.1626106321511127, 4.21414108913811), (3.8659893608962257, 4.286655666630562), (3.7934747834037736, 4.990034395375675), (3.09009605465866, 4.917519817883223)
(2.4928351099083272, -0.28694076981192995), (2.624091407504817, 0.40787703676851605), (1.929273600924371, 0.5391333343650051), (1.7980173033278815, -0.15568447221544057)
(-5.7899396144668485, 8.503448236581082), (-5.19022009722302, 8.128833099891668), (-4.815604960533605, 8.728552617135499), (-5.4153244777774345, 9.103167753824913)
(-3.711233463438585, 8.832332629105748), (-3.0142888077833425, 8.951781978009777), (-3.1337381566873717, 9.648726633665017), (-3.8306828123426135, 9.52927728476099)
(-5.436178242773714, 11.078008198309416), (-5.568794968599445, 10.383448766704557), (-4.874235536994587, 10.250832040878826), (-4.7416188111688555, 10.945391472483683)
(3.447680658232084, 4.074895901703564), (3.072706270534347, 3.4754009404480857), (3.672201231789824, 3.1004265527503483), (4.047175619487563, 3.699921514005827)
(2.680845731422449, 1.7771626866890968), (2.895510861069062, 2.4508977103547838), (2.2217758374033756, 2.6655628400013964), (2.007110707756762, 1.99182781633571)
(-7.779790222471245, 11.42586069169835), (-8.01424613109338, 10.75875468294699), (-7.347140122342017, 10.524298774324858), (-7.112684213719885, 11.191404783076218)
#
1: (0.0, 0.0), (0.6916984405549739, 0.7221864491485681), (-0.03048800859359416, 1.413884889703542), (-0.722186449148568, 0.6916984405549739)
3: (0.0, 0.0), (2.6937302784002415, -1.3205367042342129), (3.133909179811646, -0.42262661143413266), (0.44017890141140414, 0.8979100928000806)
1: (0.0, 0.0), (0.7336174748744152, 0.6795626538876947), (0.054054820986720584, 1.41318012876211), (-0.6795626538876947, 0.7336174748744153)
1: (0.0, 0.0), (-0.3671850185246555, 0.9301479248867077), (-1.2973329434113632, 0.5629629063620522), (-0.9301479248867077, -0.36718501852465546)
1: (0.0, 0.0), (0.6888995992989675, 0.7248567734978559), (-0.03595717419888837, 1.4137563727968236), (-0.7248567734978559, 0.6888995992989676)
3: (0.0, 0.0), (-2.5956978092283345, -1.5041119915642005), (-2.0943271453736014, -2.369344594640312), (0.5013706638547334, -0.8652326030761115)
1: (0.0, 0.0), (0.81634420898606, 0.5775656953584796), (0.23877851362758046, 1.3939099043445395), (-0.5775656953584796, 0.81634420898606)
1: (0.0, 0.0), (0.6319754970378001, -0.7749883683926008), (1.406963865430401, -0.1430128713548007), (0.7749883683926004, 0.6319754970378005)
1: (0.0, 0.0), (-0.07370886013717139, 0.9972798022306874), (-1.0709886623678586, 0.9235709420935161), (-0.9972798022306874, -0.07370886013717132)
1: (0.0, 0.0), (-0.9561207467519529, -0.2929728957267003), (-0.6631478510252525, -1.2490936424786532), (0.29297289572670027, -0.9561207467519529)
1: (0.0, 0.0), (0.7685723527635461, -0.6397628768282099), (1.408335229591756, 0.12880947593533618), (0.63976287682821, 0.7685723527635461)
1: (0.0, 0.0), (-0.5508759559752807, 0.8345871321367953), (-1.385463088112076, 0.2837111761615146), (-0.8345871321367953, -0.5508759559752807)
1: (0.0, 0.0), (-0.30371621174925123, -0.952762542672981), (0.6490463309237298, -1.2564787544222324), (0.952762542672981, -0.3037162117492513)
1: (0.0, 0.0), (-0.15465807205270285, 0.9879680565427917), (-1.1426261285954946, 0.8333099844900891), (-0.9879680565427917, -0.1546580720527028)
16: (0.0, 0.0), (2.6363961169757326, 3.0082246449351615), (-0.3718285279594289, 5.644620761910894), (-3.0082246449351615, 2.6363961169757326)
1: (0.0, 0.0), (0.9852697166964339, 0.17100755936779174), (0.8142621573286424, 1.1562772760642257), (-0.17100755936779166, 0.9852697166964339)
1: (0.0, 0.0), (-0.9182905994155096, 0.39590702825929236), (-1.314197627674802, -0.5223835711562173), (-0.39590702825929236, -0.9182905994155096)
1: (0.0, 0.0), (-0.731825718090012, 0.6814918329239451), (-1.413317551013957, -0.05033388516606686), (-0.6814918329239451, -0.731825718090012)
1: (0.0, 0.0), (0.189865558279238, 0.9818100986338006), (-0.7919445403545626, 1.1716756569130387), (-0.9818100986338006, 0.18986555827923807)
1: (0.0, 0.0), (-0.13648751366725576, -0.990641791271159), (0.8541542776039033, -1.127129304938415), (0.990641791271159, -0.13648751366725584)
1: (0.0, 0.0), (0.8120051050373275, 0.5836503314428243), (0.22835477359450326, 1.395655436480152), (-0.5836503314428243, 0.8120051050373276)
1: (0.0, 0.0), (0.5210269157882373, -0.8535402468684163), (1.3745671626566534, -0.33251333108018033), (0.8535402468684165, 0.5210269157882371)
1: (0.0, 0.0), (0.6012483772632788, 0.7990621933480985), (-0.19781381608481957, 1.4003105706113774), (-0.7990621933480985, 0.601248377263279)
1: (0.0, 0.0), (0.7898112684049862, -0.6133499492952672), (1.4031612177002535, 0.17646131910971988), (0.6133499492952668, 0.7898112684049866)
1: (0.0, 0.0), (0.022401924304128157, 0.9997490454046316), (-0.9773471211005035, 1.0221509697087598), (-0.9997490454046316, 0.02240192430412822)
1: (0.0, 0.0), (-0.16021472003937964, 0.9870821867923173), (-1.147296906831697, 0.8268674667529379), (-0.9870821867923173, -0.1602147200393796)
16: (0.0, 0.0), (0.7985119174665032, -3.919487047773467), (4.71799896523997, -3.1209751303069644), (3.9194870477734667, 0.7985119174665047)
1: (0.0, 0.0), (-0.29426578378795715, 0.9557236255799368), (-1.249989409367894, 0.6614578417919798), (-0.9557236255799368, -0.2942657837879571)
1: (0.0, 0.0), (-0.04222826759800697, -0.9991079888659039), (0.956879721267897, -1.0413362564639108), (0.9991079888659039, -0.042228267598007026)
1: (0.0, 0.0), (0.28149281653782926, 0.2240718432942196), (0.057420973243609674, 0.5055646598320488), (-0.22407184329421959, 0.28149281653782926)
5: (0.0, 0.0), (-2.08509454688856, 0.6377996403316014), (-2.7228941872201613, -1.4472949065569585), (-0.6377996403316025, -2.0850945468885596)
1: (0.0, 0.0), (-0.03239865835813865, 0.9994750256692724), (-1.031873684027411, 0.9670763673111339), (-0.9994750256692724, -0.032398658358138585)
1: (0.0, 0.0), (0.2807875197677007, 0.9597699561575697), (-0.6789824363898689, 1.2405574759252704), (-0.9597699561575695, 0.2807875197677008)
1: (0.0, 0.0), (-0.6582481472399118, -0.7528010206257849), (0.09455287338587302, -1.4110491678656967), (0.7528010206257848, -0.6582481472399119)
1: (0.0, 0.0), (-0.8721674559653878, -0.48920744961096346), (-0.3829600063544244, -1.3613749055763513), (0.4892074496109634, -0.8721674559653878)
1: (0.0, 0.0), (0.7970035342422327, -0.603974640531695), (1.4009781747739278, 0.19302889371053783), (0.6039746405316949, 0.7970035342422327)
1: (0.0, 0.0), (-0.947854344453725, -0.31870384638438143), (-0.629150498069343, -1.2665581908381067), (0.31870384638438093, -0.9478543444537251)
1: (0.0, 0.0), (-0.21875019034301102, -0.12103038554386435), (-0.09771980479914653, -0.33978057588687544), (0.12103038554386424, -0.21875019034301108)
1: (0.0, 0.0), (0.9902452591473838, -0.13933530326564997), (1.1295805624130335, 0.8509099558817345), (0.13933530326564933, 0.9902452591473839)
1: (0.0, 0.0), (-0.7898332869590006, 0.6133215949333115), (-1.403154881892312, -0.1765116920256891), (-0.6133215949333115, -0.7898332869590006)
1: (0.0, 0.0), (-0.5178047364963204, -0.21066146980873313), (-0.30714326668758724, -0.7284662063050535), (0.2106614698087331, -0.5178047364963204)
1: (0.0, 0.0), (-0.919562015067937, -0.39294490764507334), (-0.5266171074228632, -1.3125069227130106), (0.39294490764507284, -0.9195620150679372)
1: (0.0, 0.0), (0.6329341773726325, 0.7742056103604708), (-0.14127143298783826, 1.4071397877331033), (-0.7742056103604706, 0.6329341773726325)
1: (0.0, 0.0), (-0.5348929581836123, -0.8449198324607988), (0.3100268742771877, -1.379812790644411), (0.8449198324607988, -0.5348929581836124)
1: (0.0, 0.0), (-0.8901338407586128, -0.45569918316398206), (-0.4344346575946308, -1.345833023922595), (0.455699183163982, -0.8901338407586129)
1: (0.0, 0.0), (0.2608510876243977, 0.4944256365573784), (-0.2335745489329807, 0.7552767241817762), (-0.4944256365573784, 0.26085108762439774)
1: (0.0, 0.0), (-0.4200816853240351, 0.9074862961253566), (-1.3275679814493917, 0.4874046108013215), (-0.9074862961253566, -0.42008168532403506)
1: (0.0, 0.0), (0.8660731344742787, 0.4999173189057346), (0.3661558155685442, 1.3659904533800133), (-0.49991731890573454, 0.8660731344742787)
1: (0.0, 0.0), (-0.11485925776252948, 0.9933817750020587), (-1.1082410327645882, 0.8785225172395293), (-0.9933817750020587, -0.11485925776252941)
1: (0.0, 0.0), (-0.9618436002501909, 0.273599869623052), (-1.235443469873243, -0.688243730627139), (-0.27359986962305205, -0.9618436002501909)
1: (0.0, 0.0), (0.6482081967933604, 0.7614631531531255), (-0.11325495635976504, 1.409671349946486), (-0.7614631531531254, 0.6482081967933604)
3: (0.0, 0.0), (1.618017383758447, 2.526265968946158), (0.7759287274430613, 3.0656050968656405), (-0.842088656315386, 0.5393391279194824)
1: (0.0, 0.0), (-0.7249526800247419, -0.6887986728536462), (-0.03615400717109514, -1.413751352878388), (0.6887986728536457, -0.7249526800247422)
5: (0.0, 0.0), (1.1376307199415199, 1.860162357354021), (-0.7225316374125009, 2.997793077295541), (-1.860162357354021, 1.13763071994152)
5: (0.0, 0.0), (-1.8504751983524095, -1.1533209401351128), (-0.6971542582172965, -3.0037961384875222), (1.1533209401351128, -1.8504751983524095)
1: (0.0, 0.0), (-0.7029384166115223, -0.07666539279026467), (-0.6262730238212574, -0.7796038094017873), (0.07666539279026431, -0.7029384166115223)
1: (0.0, 0.0), (0.3664758260717419, 0.9304275731646362), (-0.5639517470928943, 1.2969033992363783), (-0.9304275731646361, 0.36647582607174195)
1: (0.0, 0.0), (-0.8797110439081979, 0.47550865315570096), (-1.355219697063899, -0.40420239075249687), (-0.475508653155701, -0.8797110439081979)
48: (0.0, 0.0), (-4.909476006998745, 10.949750925783821), (-8.559392982260018, 9.313258923450908), (-3.649916975261274, -1.6364920023329148)
1: (0.0, 0.0), (0.9996939243144208, 0.024739799692663267), (0.9749541246217577, 1.024433724007084), (-0.024739799692663204, 0.9996939243144208)
1: (0.0, 0.0), (0.5074452057951014, 0.8616840274227945), (-0.35423882162769305, 1.369129233217896), (-0.8616840274227944, 0.5074452057951014)
16: (0.0, 0.0), (-0.47037466670779027, 3.9722471817498386), (-4.442621848457629, 3.5018725150420487), (-3.9722471817498386, -0.47037466670779005)
3: (0.0, 0.0), (1.1750213899086728, -2.7603124339931324), (2.09512553457305, -2.3686386373569084), (0.9201041446643774, 0.3916737966362244)
1: (0.0, 0.0), (-0.3497858387824247, 0.9368296894245376), (-1.2866155282069622, 0.5870438506421131), (-0.9368296894245376, -0.34978583878242464)
1: (0.0, 0.0), (-0.448680151466282, -0.893692408874661), (0.44501225740837896, -1.342372560340943), (0.893692408874661, -0.44868015146628204)
1: (0.0, 0.0), (0.45872054224669934, 0.3194925102735495), (0.1392280319731498, 0.7782130525202489), (-0.3194925102735495, 0.4587205422466994)
1: (0.0, 0.0), (-0.8508910369666609, -0.5253422153318734), (-0.32554882163478766, -1.3762332522985345), (0.5253422153318733, -0.850891036966661)
1: (0.0, 0.0), (0.1797352119609893, -0.5293347273524928), (0.7090699393134821, -0.34959951539150347), (0.5293347273524928, 0.17973521196098927)
1: (0.0, 0.0), (-0.6650768011097039, 0.7467749651840796), (-1.4118517662937835, 0.08169816407437581), (-0.7467749651840797, -0.6650768011097038)
1: (0.0, 0.0), (0.9535058578127192, 0.3013744831879941), (0.6521313746247251, 1.2548803410007134), (-0.30137448318799404, 0.9535058578127192)
3: (0.0, 0.0), (-0.8985188124207444, -2.8622829950453914), (0.055575519261052524, -3.161789265852306), (0.954094331681797, -0.29950627080691483)
1: (0.0, 0.0), (0.27822510006729545, 0.9605158997604066), (-0.6822907996931111, 1.2387409998277021), (-0.9605158997604065, 0.2782251000672955)
3: (0.0, 0.0), (-2.8384678736844866, -0.9711334254679262), (-2.514756731861845, -1.9172893833627553), (0.3237111418226425, -0.9461559578948288)
5: (0.0, 0.0), (-2.1173139668158982, 0.5209503014663257), (-2.6382642682822235, -1.596363665349572), (-0.5209503014663249, -2.1173139668158982)
3: (0.0, 0.0), (2.770311493078947, 1.1512489875412248), (2.386561830565206, 2.074686151900874), (-0.38374966251374154, 0.9234371643596491)
16: (0.0, 0.0), (3.8247422572771, -1.1710451167221834), (4.995787373999285, 2.653697140554916), (1.1710451167221845, 3.8247422572770997)
16: (0.0, 0.0), (-3.309853266129165, 2.246079107398958), (-5.555932373528123, -1.0637741587302065), (-2.24607910739896, -3.3098532661291635)
1: (0.0, 0.0), (-0.18433905892705527, -0.9828627123631701), (0.7985236534361148, -1.1672017712902254), (0.9828627123631701, -0.18433905892705532)
1: (0.0, 0.0), (-0.8194985151305619, 0.5730813063595812), (-1.3925798214901433, -0.2464172087709807), (-0.5730813063595809, -0.8194985151305622)
1: (0.0, 0.0), (0.185467289508939, 0.9826504386210833), (-0.7971831491121444, 1.1681177281300223), (-0.9826504386210833, 0.18546728950893906)
1: (0.0, 0.0), (0.9121072352429578, 0.40995169400485193), (0.5021555412381059, 1.3220589292478098), (-0.4099516940048519, 0.9121072352429578)
1: (0.0, 0.0), (0.15392590475244172, -0.9880823932477201), (1.142008298000162, -0.8341564884952785), (0.9880823932477201, 0.15392590475244214)
1: (0.0, 0.0), (-0.006408197904467533, -0.9999794672890124), (0.993571269384545, -1.00638766519348), (0.9999794672890124, -0.006408197904467595)
1: (0.0, 0.0), (0.17032973705810847, -0.1829966684770945), (0.353326405535203, -0.012666931418986048), (0.18299666847709442, 0.17032973705810853)
1: (0.0, 0.0), (0.3033277068267703, 0.19349082404827936), (0.10983688277849092, 0.4968185308750496), (-0.19349082404827933, 0.3033277068267703)
1: (0.0, 0.0), (0.573145372780083, 0.8194537092848989), (-0.2463083365048158, 1.392599082064982), (-0.8194537092848989, 0.5731453727800832)
1: (0.0, 0.0), (0.12290813015744513, 0.6055027750785683), (-0.48259464492112325, 0.7284109052360135), (-0.6055027750785683, 0.12290813015744516)
1: (0.0, 0.0), (-0.43180740657073613, 0.9019658328510315), (-1.3337732394217678, 0.4701584262802955), (-0.9019658328510316, -0.4318074065707361)
3: (0.0, 0.0), (2.752855346921439, 1.1923872856274693), (2.3553929183789495, 2.110005734601282), (-0.3974624285424897, 0.9176184489738131)
1: (0.0, 0.0), (0.2924021049854272, 0.9562954611416344), (-0.6638933561562073, 1.2486975661270616), (-0.9562954611416344, 0.29240210498542724)
1: (0.0, 0.0), (-0.08993261341012318, 0.9959478525732285), (-1.0858804659833516, 0.9060152391631054), (-0.9959478525732285, -0.08993261341012312)
1: (0.0, 0.0), (0.2669358388411056, 0.9637143030702592), (-0.6967784642291535, 1.230650141911365), (-0.9637143030702591, 0.26693583884110567)
1: (0.0, 0.0), (0.881874252056196, 0.4714846800908011), (0.41038957196539494, 1.3533589321469972), (-0.471484680090801, 0.881874252056196)
1: (0.0, 0.0), (0.5238608844028056, -0.8518038352770609), (1.3756647196798666, -0.3279429508742553), (0.8518038352770609, 0.5238608844028056)
1: (0.0, 0.0), (0.14297469614486472, -0.6010809058262708), (0.7440556019711352, -0.4581062096814069), (0.6010809058262708, 0.14297469614486455)
1: (0.0, 0.0), (0.2703984302846189, 0.9627485076070563), (-0.6923500773224374, 1.2331469378916753), (-0.9627485076070562, 0.27039843028461896)
1: (0.0, 0.0), (0.9958093008867842, 0.09145401176205462), (0.9043552891247297, 1.087263312648839), (-0.09145401176205456, 0.9958093008867842)
1: (0.0, 0.0), (0.13980771703607242, 0.9901786718856156), (-0.8503709548495432, 1.1299863889216881), (-0.9901786718856156, 0.13980771703607248)
1: (0.0, 0.0), (0.9820546102772028, 0.18859677206487768), (0.7934578382123252, 1.1706513823420805), (-0.18859677206487763, 0.9820546102772028)
1: (0.0, 0.0), (-0.7635626728879551, 0.6457337257509489), (-1.409296398638904, -0.11782894713700615), (-0.645733725750949, -0.763562672887955)
5: (0.0, 0.0), (1.9914741819438035, -0.8879404446936678), (2.8794146266374705, 1.1035337372501373), (0.8879404446936666, 1.991474181943804)
1: (0.0, 0.0), (0.24572935498104598, 0.5021126209333909), (-0.25638326595234495, 0.7478419759144369), (-0.5021126209333909, 0.245729354981046)
1: (0.0, 0.0), (-0.17654315517222213, -0.9842929006966558), (0.8077497455244337, -1.160836055868878), (0.9842929006966558, -0.1765431551722222)
3: (0.0, 0.0), (-2.6754442166497205, 1.3572023591180367), (-3.1278450030223994, 0.4653876202347967), (-0.45240078637267894, -0.8918147388832401)
1: (0.0, 0.0), (-0.15572026171590445, 0.1955791402249489), (-0.35129940194085335, 0.03985887850904446), (-0.1955791402249489, -0.15572026171590445)
1: (0.0, 0.0), (-0.24231420292935849, 0.06151282027926925), (-0.30382702320862776, -0.18080138265008924), (-0.06151282027926916, -0.2423142029293585)
1: (0.0, 0.0), (-0.5678321754902648, 0.823144349721234), (-1.390976525211499, 0.2553121742309692), (-0.823144349721234, -0.5678321754902648)
1: (0.0, 0.0), (-0.9446129988272258, -0.32818635323034906), (-0.6164266455968769, -1.2727993520575749), (0.328186353230349, -0.9446129988272258)
1: (0.0, 0.0), (0.2933555563169198, -0.9560034087690223), (1.2493589650859422, -0.6626478524521027), (0.9560034087690223, 0.29335555631691973)
1: (0.0, 0.0), (-0.23595456174528007, 0.971764089062563), (-1.207718650807843, 0.735809527317283), (-0.971764089062563, -0.23595456174528)
1: (0.0, 0.0), (-0.7501505706659157, 0.6612670574961382), (-1.411417628162054, -0.08888351316977748), (-0.6612670574961382, -0.7501505706659157)
1: (0.0, 0.0), (-0.9203082186557501, -0.3911940473405494), (-0.5291141713152008, -1.3115022659962996), (0.39119404734054936, -0.9203082186557502)
1: (0.0, 0.0), (-0.11226373788653708, 0.9936784455525555), (-1.1059421834390926, 0.8814147076660184), (-0.9936784455525555, -0.11226373788653701)
1: (0.0, 0.0), (0.9538453460014733, 0.30029827823570615), (0.6535470677657673, 1.2541436242371795), (-0.3002982782357061, 0.9538453460014734)
5: (0.0, 0.0), (0.9829570069829427, -1.946330694690567), (2.9292877016735095, -0.9633736877076242), (1.9463306946905665, 0.9829570069829431)
1: (0.0, 0.0), (-0.997394641911409, -0.07213825813264496), (-0.9252563837787642, -1.069532900044054), (0.07213825813264535, -0.997394641911409)
1: (0.0, 0.0), (0.8450452643741322, -0.534694773827885), (1.379740038202017, 0.3103504905462475), (0.5346947738278848, 0.8450452643741323)
1: (0.0, 0.0), (-0.5566389485460632, -0.05150806695589734), (-0.5051308815901662, -0.6081470155019604), (0.051508066955897554, -0.5566389485460632)
1: (0.0, 0.0), (-0.4625865021745822, 0.8865741525703787), (-1.349160654744961, 0.4239876503957967), (-0.8865741525703789, -0.4625865021745821)
3: (0.0, 0.0), (1.4289355913893627, 2.6378292355004205), (0.5496591795558895, 3.1141410992968748), (-0.8792764118334734, 0.4763118637964543)
16: (0.0, 0.0), (2.7626002997551513, -2.892756398971878), (5.65535669872703, -0.1301560992167274), (2.8927563989718768, 2.7626002997551526)
1: (0.0, 0.0), (-0.2375474609879159, -0.07791792976070769), (-0.15962953122720835, -0.31546539074862356), (0.07791792976070779, -0.23754746098791585)
1: (0.0, 0.0), (0.6775183092462516, 0.7355059079545865), (-0.05798759870833495, 1.413024217200838), (-0.7355059079545865, 0.6775183092462516)
1: (0.0, 0.0), (-0.34387110645750235, 0.9390168593500827), (-1.2828879658075851, 0.5951457528925804), (-0.9390168593500827, -0.3438711064575023)
1: (0.0, 0.0), (0.49543360313436163, 0.36916874728496546), (0.12626485584939623, 0.864602350419327), (-0.3691687472849654, 0.49543360313436163)
1: (0.0, 0.0), (0.7786188423810312, -0.6274971699451902), (1.4061160123262215, 0.15112167243584076), (0.6274971699451903, 0.7786188423810311)
1: (0.0, 0.0), (0.9771722246329142, -0.21244868417093435), (1.1896209088038483, 0.7647235404619805), (0.21244868417093396, 0.9771722246329143)
1: (0.0, 0.0), (-0.6265606681365135, 0.7793726510112642), (-1.4059333191477776, 0.1528119828747508), (-0.7793726510112643, -0.6265606681365135)
1: (0.0, 0.0), (0.7274500824398721, 0.6861606062418794), (0.04128947619799275, 1.4136106886817514), (-0.6861606062418792, 0.7274500824398721)
3: (0.0, 0.0), (1.986828271312482, 2.247779664538643), (1.2375683831329343, 2.910055754976137), (-0.7492598881795477, 0.662276090437494)
1: (0.0, 0.0), (0.4944828898593662, -0.26074253898497257), (0.7552254288443387, 0.2337403508743936), (0.26074253898497257, 0.4944828898593662)
1: (0.0, 0.0), (0.5947505521300883, 0.8039103064029937), (-0.20915975427290534, 1.3986608585330822), (-0.8039103064029935, 0.5947505521300883)
2: (0.0, 0.0), (0.5651309775400192, 0.42500232731676), (2.0503309348251877, 0.2148093519818715), (2.4753332621419477, -0.3503216255581484), (2.6154619123652068, 0.6398116792986314), (0.14012865022325918, 0.9901333048567791)
1: (0.0, 0.0), (-0.34547922028107564, -0.4394816359689903), (0.09400241568791395, -0.784960856250066), (0.4394816359689902, -0.34547922028107564)
16: (0.0, 0.0), (-3.866627653866042, 1.024300047036213), (-4.890927700902256, -2.8423276068298295), (-1.024300047036215, -3.8666276538660416)
3: (0.0, 0.0), (-1.4125503275212117, -2.6466396755545922), (-0.5303371023363478, -3.1174897847283294), (0.8822132251848641, -0.47085010917373726)
1: (0.0, 0.0), (-0.36311736341949574, 0.931743409090332), (-1.2948607725098278, 0.5686260456708364), (-0.931743409090332, -0.3631173634194957)
1: (0.0, 0.0), (-0.9897763898380015, -0.14262783080188982), (-0.8471485590361123, -1.132404220639891), (0.14262783080189018, -0.9897763898380014)
1: (0.0, 0.0), (0.6669493662324276, 0.234901134271768), (0.43204823196065967, 0.9018505005041956), (-0.23490113427176798, 0.6669493662324276)
1: (0.0, 0.0), (0.45279779322569674, -0.8916132336668962), (1.3444110268925935, -0.4388154404411983), (0.8916132336668959, 0.4527977932256973)
1: (0.0, 0.0), (-0.04193876329822733, -0.5574416024419198), (0.5155028391436923, -0.5993803657401471), (0.5574416024419198, -0.04193876329822737)
1: (0.0, 0.0), (0.5412545376321554, -0.13979815983267163), (0.6810526974648269, 0.4014563777994842), (0.1397981598326713, 0.5412545376321555)
1: (0.0, 0.0), (0.8258828812812915, 0.5638417033232929), (0.26204117795799864, 1.3897245846045845), (-0.5638417033232929, 0.8258828812812915)
1: (0.0, 0.0), (-0.697234378575622, 0.7168432334424775), (-1.4140776120180996, 0.01960885486685557), (-0.7168432334424775, -0.6972343785756219)
1: (0.0, 0.0), (0.8366755058342359, -0.5476989117544653), (1.3843744175887012, 0.2889765940797707), (0.5476989117544653, 0.8366755058342359)
1: (0.0, 0.0), (0.19402369697081648, 0.524265967819557), (-0.3302422708487405, 0.7182896647903735), (-0.524265967819557, 0.1940236969708165)
1: (0.0, 0.0), (0.8304691873143546, -0.5570645644101189), (1.3875337517244737, 0.2734046229042356), (0.557064564410119, 0.8304691873143545)
3: (0.0, 0.0), (5.257163304642848, -3.0597767873354225), (0.6382655142879834, 0.7698162983924777)
1: (0.0, 0.0), (-0.09399274375707493, 0.9955728823752769), (-1.0895656261323519, 0.901580138618202), (-0.9955728823752769, -0.09399274375707488)
1: (0.0, 0.0), (0.9040067802381384, 0.4275181180762684), (0.47648866216187, 1.331524898314407), (-0.4275181180762683, 0.9040067802381384)
3: (0.0, 0.0), (0.76640412099515, -2.900452503200432), (1.733221622061963, -2.644984462868714), (0.9668175010668105, 0.25546804033171727)
1: (0.0, 0.0), (-0.9099635195873175, 0.4146883082753379), (-1.3246518278626556, -0.49527521131197955), (-0.414688308275338, -0.9099635195873175)
1: (0.0, 0.0), (0.32866741472335304, 0.9444457266032111), (-0.6157783118798581, 1.2731131413265644), (-0.9444457266032111, 0.32866741472335315)
1: (0.0, 0.0), (0.023554251148260506, -0.24888792106658103), (0.27244217221484157, -0.22533366991832054), (0.24888792106658103, 0.023554251148260496)
1: (0.0, 0.0), (0.946592680519627, 0.3224318489024735), (0.6241608316171535, 1.2690245294221005), (-0.32243184890247345, 0.946592680519627)
1: (0.0, 0.0), (0.5772764031812176, 0.8165488070716632), (-0.2392724038904455, 1.393825210252881), (-0.8165488070716631, 0.5772764031812176)
1: (0.0, 0.0), (-0.051297612776998416, 0.9986834107580745), (-1.049981023535073, 0.9473857979810762), (-0.9986834107580745, -0.05129761277699836)
1: (0.0, 0.0), (0.8676305890603234, 0.4972093733296228), (0.3704212157307007, 1.3648399623899463), (-0.49720937332962273, 0.8676305890603234)
1: (0.0, 0.0), (0.48108332577813545, 0.38768395987568954), (0.09339936590244588, 0.868767285653825), (-0.3876839598756895, 0.48108332577813545)
1: (0.0, 0.0), (-0.16774074320805082, 0.9858311432836816), (-1.1535718864917326, 0.8180904000756309), (-0.9858311432836816, -0.16774074320805074)
1: (0.0, 0.0), (-0.2445968076157583, 0.9696248767973003), (-1.2142216844130587, 0.7250280691815421), (-0.9696248767973003, -0.24459680761575825)
1: (0.0, 0.0), (0.24367300550255747, -0.05588798072350258), (0.29956098622606, 0.18778502477905498), (0.05588798072350254, 0.2436730055025575)
1: (0.0, 0.0), (0.23490681364220906, -0.27251639514739984), (0.5074232087896089, -0.03760958150519079), (0.2725163951473997, 0.2349068136422092)
1: (0.0, 0.0), (0.06947542898088546, -0.6139325564380577), (0.6834079854189425, -0.5444571274571728), (0.6139325564380577, 0.0694754289808853)
16: (0.0, 0.0), (2.284405870230443, 3.283517903111949), (-0.999112032881506, 5.567923773342393), (-3.283517903111949, 2.2844058702304433)
1: (0.0, 0.0), (-0.6177025864709966, 0.013547462998205804), (-0.6312500494692025, -0.6041551234727909), (-0.013547462998206116, -0.6177025864709966)
16: (0.0, 0.0), (-1.048428688994559, 3.8601550854976217), (-4.908583774492181, 2.811726396503063), (-3.8601550854976217, -1.0484286889945587)
1: (0.0, 0.0), (-0.6801408480657216, -0.7330814598613452), (0.05294061179562353, -1.413222307927067), (0.7330814598613451, -0.6801408480657216)
1: (0.0, 0.0), (0.35885172776809077, -0.025919764611688975), (0.3847714923797796, 0.332931963156402), (0.02591976461168883, 0.3588517277680908)
48: (0.0, 0.0), (-7.5113242101029805, 9.358419129891589), (-10.630797253400177, 6.854644393190595), (-3.119473043297196, -2.5037747367009935)
1: (0.0, 0.0), (0.0425361076390548, 0.999094930197786), (-0.9565588225587311, 1.0416310378368407), (-0.999094930197786, 0.04253610763905486)
2: (0.0, 0.0), (-0.3569902726970483, 0.6103752494979522), (0.023087192504307835, 2.061423532790452), (0.6334624420022601, 2.4184138054875004), (-0.3339030801927407, 2.671798782288404), (-0.9673655221950002, 0.2533849768009039)
1: (0.0, 0.0), (0.8606520984180179, -0.5091934460385977), (1.3698455444566158, 0.3514586523794202), (0.5091934460385977, 0.8606520984180179)
16: (0.0, 0.0), (3.904421047004753, 0.8691928944177514), (3.0352281525870017, 4.7736139414225045), (-0.8691928944177512, 3.904421047004753)
1: (0.0, 0.0), (-0.5014622418873009, 0.24705388068468406), (-0.748516122571985, -0.25440836120261684), (-0.24705388068468387, -0.501462241887301)
1: (0.0, 0.0), (-0.15654550708871548, 0.9876707468637193), (-1.1442162539524348, 0.8311252397750039), (-0.9876707468637193, -0.1565455070887154)
1: (0.0, 0.0), (0.6160709759492239, -0.04686759733139332), (0.6629385732806172, 0.5692033786178305), (0.04686759733139335, 0.6160709759492239)
1: (0.0, 0.0), (0.9265552266193077, 0.37615875906915064), (0.5503964675501571, 1.3027139856884584), (-0.3761587590691506, 0.9265552266193078)
1: (0.0, 0.0), (0.16480689229217244, -0.5954651184911196), (0.760272010783292, -0.43065822619894717), (0.5954651184911196, 0.16480689229217269)
1: (0.0, 0.0), (0.7844489248348102, 0.6201934249292799), (0.16425549990553032, 1.40464234976409), (-0.6201934249292799, 0.7844489248348102)
1: (0.0, 0.0), (-0.9987798549440889, 0.04938422175011713), (-1.0481640766942062, -0.9493956331939717), (-0.04938422175011719, -0.9987798549440889)
1: (0.0, 0.0), (-0.987134350545117, 0.1598930078954986), (-1.1470273584406157, -0.8272413426496185), (-0.1598930078954982, -0.9871343505451171)
1: (0.0, 0.0), (0.9262153021739342, -0.3769949787713991), (1.3032102809453332, 0.5492203234025358), (0.37699497877139876, 0.9262153021739344)
1: (0.0, 0.0), (-0.015289151146933728, 0.999883114097446), (-1.0151722652443798, 0.9845939629505124), (-0.999883114097446, -0.015289151146933667)
1: (0.0, 0.0), (0.10198142389411138, -0.5496360515655151), (0.6516174754596261, -0.44765462767140435), (0.5496360515655151, 0.10198142389411124)
1: (0.0, 0.0), (-0.8610672520949169, 0.5084910887810217), (-1.3695583408759386, -0.35257616331389513), (-0.5084910887810218, -0.8610672520949169)
1: (0.0, 0.0), (-0.2872513265827271, -0.9578552476112784), (0.6706039210285502, -1.2451065741940062), (0.9578552476112784, -0.2872513265827272)
1: (0.0, 0.0), (-0.622945676144878, -0.7822650986541588), (0.1593194225092821, -1.4052107747990368), (0.7822650986541588, -0.622945676144878)
1: (0.0, 0.0), (0.2570872587068509, 0.9663881939524079), (-0.7093009352455569, 1.2234754526592588), (-0.9663881939524078, 0.25708725870685095)
16: (0.0, 0.0), (-3.838993537251831, -1.123444979043779), (-2.7155485582080545, -4.962438516295609), (1.1234449790437804, -3.8389935372518305)
1: (0.0, 0.0), (0.26138288294746975, 0.9652351985407853), (-0.7038523155933156, 1.2266180814882552), (-0.9652351985407853, 0.2613828829474698)
1: (0.0, 0.0), (0.5091681523721789, -0.860667062579893), (1.369835214952072, -0.3514989102077141), (0.8606670625798931, 0.5091681523721789)
1: (0.0, 0.0), (-0.992347399065275, -0.12347728361275077), (-0.8688701154525243, -1.115824682678026), (0.12347728361275072, -0.9923473990652751)
1: (0.0, 0.0), (0.9829532052401533, 0.18385591181169303), (0.7990972934284604, 1.1668091170518464), (-0.18385591181169297, 0.9829532052401533)
1: (0.0, 0.0), (0.5577602020968613, -0.037464075550699256), (0.5952242776475603, 0.5202961265461623), (0.03746407555069903, 0.5577602020968613)
1: (0.0, 0.0), (-0.2972432323856762, -0.954801791368719), (0.6575585589830418, -1.2520450237543959), (0.954801791368719, -0.29724323238567624)
1: (0.0, 0.0), (0.8845882938893472, 0.46637275897497904), (0.41821553491436825, 1.3509610528643263), (-0.466372758974979, 0.8845882938893472)
1: (0.0, 0.0), (-0.9057321955881711, -0.42385043337836875), (-0.4818817622098018, -1.3295826289665402), (0.4238504333783683, -0.9057321955881713)
1: (0.0, 0.0), (-0.6364040159700561, 0.7713559025878939), (-1.4077599185579501, 0.1349518866178378), (-0.771355902587894, -0.6364040159700561)
1: (0.0, 0.0), (-0.6559825409184583, -0.7547760634851659), (0.09879352256670819, -1.4107586044036242), (0.7547760634851656, -0.6559825409184586)
1: (0.0, 0.0), (-0.560777858231943, 0.8279662998678115), (-1.3887441580997546, 0.2671884416358684), (-0.8279662998678116, -0.560777858231943)
1: (0.0, 0.0), (-0.9284113879882688, 0.37155389199104893), (-1.2999652799793178, -0.5568574959972199), (-0.3715538919910494, -0.9284113879882687)
1: (0.0, 0.0), (-0.6803599487065324, 0.7328781209696771), (-1.4132380696762095, 0.05251817226314477), (-0.7328781209696772, -0.6803599487065324)
3: (0.0, 0.0), (2.5129220652034476, -1.6386649121201198), (3.059143702576821, -0.8010242237189708), (0.5462216373733735, 0.837640688401149)
1: (0.0, 0.0), (-0.32117538954373004, -0.9470197300750567), (0.6258443405313266, -1.2681951196187868), (0.9470197300750567, -0.3211753895437301)
1: (0.0, 0.0), (0.6642305929220435, 0.7475277382321212), (-0.08329714531007758, 1.4117583311541646), (-0.747527738232121, 0.6642305929220436)
1: (0.0, 0.0), (-0.1721420624444531, -0.9850721345857724), (0.8129300721413193, -1.1572141970302254), (0.9850721345857724, -0.17214206244445315)
1: (0.0, 0.0), (0.15429922911477303, 0.9880241636187785), (-0.8337249345040055, 1.1423233927335517), (-0.9880241636187785, 0.1542992291147731)
1: (0.0, 0.0), (-0.44133795403337894, 0.8973409665949901), (-1.3386789206283691, 0.4560030125616112), (-0.8973409665949901, -0.4413379540333789)
1: (0.0, 0.0), (-0.7740885963883881, -0.6330772819659976), (-0.14101131442239126, -1.4071658783543857), (0.6330772819659979, -0.7740885963883879)
3: (0.0, 0.0), (-2.4377136467743954, -1.748585764648071), (-1.8548517252250385, -2.561156980239536), (0.582861921549357, -0.8125712155914651)
1: (0.0, 0.0), (0.24911355207840616, 0.021034214291939204), (0.22807933778646697, 0.2701477663703454), (-0.02103421429193919, 0.24911355207840616)
1: (0.0, 0.0), (0.42465193853361066, 0.9053566872231333), (-0.4807047486895227, 1.330008625756744), (-0.9053566872231333, 0.4246519385336107)
1: (0.0, 0.0), (0.9238294370248024, -0.38280435118535), (1.3066337882101526, 0.5410250858394521), (0.3828043511853503, 0.9238294370248022)
3: (0.0, 0.0), (2.2348215294914247, 5.657346792562889), (-0.8570070061050246, 0.5153047559327417)
1: (0.0, 0.0), (-0.7032696498914746, 0.7109232022810359), (-1.4141928521725107, 0.007653552389561336), (-0.7109232022810359, -0.7032696498914746)
1: (0.0, 0.0), (0.8686020898242856, 0.49551025171320495), (0.37309183811108065, 1.3641123415374907), (-0.49551025171320495, 0.8686020898242856)
1: (0.0, 0.0), (0.09456387621074215, -0.9955187960636401), (1.0900826722743824, -0.900954919852898), (0.9955187960636401, 0.09456387621074211)
1: (0.0, 0.0), (-0.9783894033544505, -0.20677082822226728), (-0.7716185751321832, -1.1851602315767178), (0.20677082822226722, -0.9783894033544505)
1: (0.0, 0.0), (0.5615978893666922, 0.827410303693927), (-0.26581241432723485, 1.3890081930606193), (-0.827410303693927, 0.5615978893666922)
16: (0.0, 0.0), (-2.4036005195814076, 3.1972964426633927), (-5.600896962244802, 0.7936959230819854), (-3.197296442663393, -2.4036005195814076)
1: (0.0, 0.0), (0.3597372756907982, 0.005957281110703806), (0.3537799945800944, 0.365694556801502), (-0.005957281110703786, 0.3597372756907982)
1: (0.0, 0.0), (-0.8955318785899361, -0.4449973645193643), (-0.4505345140705719, -1.3405292431093003), (0.4449973645193642, -0.8955318785899361)
1: (0.0, 0.0), (-0.24445072042338561, -0.5027363576314003), (0.25828563720801406, -0.7471870780547863), (0.5027363576314003, -0.24445072042338564)
1: (0.0, 0.0), (0.6176966598325353, 0.013815046810483705), (0.6038816130220517, 0.631511706643019), (-0.013815046810483669, 0.6176966598325353)
1: (0.0, 0.0), (-0.25887479252707624, 0.49546325978226), (-0.7543380523093363, 0.23658846725518376), (-0.49546325978226, -0.25887479252707624)
1: (0.0, 0.0), (0.09537109876824118, -0.23109381973505563), (0.32646491850329684, -0.13572272096681448), (0.2310938197350556, 0.09537109876824122)
1: (0.0, 0.0), (-0.48105780556838634, 0.8766888773685501), (-1.3577466829369365, 0.39563107180016377), (-0.8766888773685501, -0.4810578055683863)
1: (0.0, 0.0), (-0.8594964905784886, -0.5111416463987865), (-0.34835484417970225, -1.370638136977275), (0.5111416463987863, -0.8594964905784886)
1: (0.0, 0.0), (0.07945324181052496, 0.9968385939387571), (-0.9173853521282322, 1.076291835749282), (-0.9968385939387571, 0.07945324181052502)
1: (0.0, 0.0), (0.6145032444335565, -0.34983676562167215), (0.9643400100552286, 0.26466647881188415), (0.3498367656216723, 0.6145032444335564)
2: (0.0, 0.0), (0.2866585014462561, -0.6463953152279084), (-0.25294671922622214, -2.0459760402391547), (-0.8993420344541325, -2.33263454168541), (0.0337117822200338, -2.692371355467063), (0.9330538166741639, -0.35973681378165306)
1: (0.0, 0.0), (-0.6421441211234443, 0.766583933895434), (-1.4087280550188785, 0.12443981277198973), (-0.7665839338954341, -0.6421441211234443)
2: (0.0, 0.0), (0.6736830510731371, -0.21482817947557342), (1.3619653584694824, -1.5475950252986388), (1.147137178993909, -2.221278076371776), (2.0356484095426195, -1.762423204774212), (0.8885112305487103, 0.45885487159756355)
16: (0.0, 0.0), (-3.9930043784455638, 0.23646571361310803), (-4.229470092058672, -3.7565386648324557), (-0.23646571361311006, -3.9930043784455638)
2: (0.0, 0.0), (-0.2671145194753899, -0.6547135507116313), (-1.6498566247559205, -1.2361120975659938), (-2.304570175467552, -0.9689975780906042), (-1.91697114423131, -1.8908256482776251), (0.38759903123624123, -0.921828070187021)
1: (0.0, 0.0), (-0.5251951069878809, 0.8509818444573235), (-1.3761769514452045, 0.3257867374694427), (-0.8509818444573235, -0.5251951069878809)
1: (0.0, 0.0), (0.5453402260358218, 0.2904204830135878), (0.25491974302223397, 0.8357607090494096), (-0.2904204830135878, 0.5453402260358218)
1: (0.0, 0.0), (-0.8896919695826944, 0.4565612765665371), (-1.3462532461492316, -0.4331306930161573), (-0.45656127656653717, -0.8896919695826944)
1: (0.0, 0.0), (0.7536388498608872, -0.6572887371470464), (1.4109275870079336, 0.09635011271384061), (0.6572887371470465, 0.7536388498608871)
1: (0.0, 0.0), (0.15717257384926997, 0.9875711528946134), (-0.8303985790453434, 1.1447437267438834), (-0.9875711528946134, 0.15717257384927003)
1: (0.0, 0.0), (-0.1895855128557536, -0.9818642132775901), (0.7922787004218376, -1.171449726133343), (0.9818642132775901, -0.18958551285575365)
1: (0.0, 0.0), (0.4499400206326804, -0.8930587762477132), (1.3429987968803936, -0.4431187556150329), (0.893058776247713, 0.4499400206326808)
1: (0.0, 0.0), (-0.21604370460027872, -0.5155823093382739), (0.29953860473799576, -0.7316260139385523), (0.5155823093382739, -0.21604370460027875)
1: (0.0, 0.0), (0.3273106640026149, -0.9449167842885252), (1.2722274482911395, -0.6176061202859116), (0.9449167842885253, 0.3273106640026146)
1: (0.0, 0.0), (-0.6056427510466935, -0.7957366763600838), (0.19009392531339026, -1.4013794274067775), (0.7957366763600838, -0.6056427510466936)
1: (0.0, 0.0), (0.5581917370645224, -0.030364200514603673), (0.5885559375791259, 0.5278275365499191), (0.030364200514603444, 0.5581917370645224)
1: (0.0, 0.0), (-0.40889770900993655, -0.9125802230853052), (0.5036825140753686, -1.3214779320952417), (0.9125802230853051, -0.4088977090099366)
1: (0.0, 0.0), (-0.2049182504752232, -0.9787790918395088), (0.7738608413642857, -1.1836973423147321), (0.9787790918395088, -0.20491825047522325)
1: (0.0, 0.0), (0.15192465718910406, 0.9883920773346846), (-0.8364674201455806, 1.1403167345237888), (-0.9883920773346846, 0.15192465718910414)
1: (0.0, 0.0), (0.02150359335682367, -0.359143414519066), (0.3806470078758896, -0.3376398211622424), (0.359143414519066, 0.021503593356823655)
1: (0.0, 0.0), (-0.8037818928164997, -0.5949240865693076), (-0.2088578062471922, -1.3987059793858074), (0.5949240865693075, -0.8037818928164997)
16: (0.0, 0.0), (-3.384915455942208, 2.1312783384916094), (-5.516193794433818, -1.2536371174505985), (-2.131278338491608, -3.3849154559422088)
1: (0.0, 0.0), (0.8553190500297901, 0.5181016528212754), (0.33721739720851485, 1.3734207028510657), (-0.5181016528212753, 0.8553190500297901)
1: (0.0, 0.0), (-0.569638582132312, 0.8218953009637476), (-1.3915338830960597, 0.2522567188314357), (-0.8218953009637476, -0.5696385821323119)
1: (0.0, 0.0), (-0.13774604783883146, 0.3323739204938493), (-0.47011996833268077, 0.19462787265501785), (-0.3323739204938493, -0.13774604783883143)
1: (0.0, 0.0), (-0.9352565624656044, -0.3539705670885942), (-0.5812859953770098, -1.2892271295541988), (0.35397056708859376, -0.9352565624656046)
16: (0.0, 0.0), (0.3371909574474378, 3.985762443776056), (-3.6485714863286187, 4.3229534012234945), (-3.985762443776056, 0.33719095744743804)
1: (0.0, 0.0), (-0.9870306848884819, 0.16053170119504231), (-1.1475623860835245, -0.8264989836934395), (-0.16053170119504237, -0.9870306848884819)
1: (0.0, 0.0), (-0.6635367311869482, -0.7481437070280947), (0.08460697584114643, -1.411680438215043), (0.7481437070280947, -0.6635367311869482)
16: (0.0, 0.0), (-2.80854469829847, -2.848170759919348), (0.03962606162087519, -5.6567154582178185), (2.8481707599193493, -2.808544698298469)
1: (0.0, 0.0), (-0.4030268771843525, 0.9151881425515898), (-1.3182150197359424, 0.5121612653672373), (-0.9151881425515898, -0.4030268771843524)
16: (0.0, 0.0), (-0.9992608511507507, 3.8731741183888797), (-4.872434969539631, 2.87391326723813), (-3.87317411838888, -0.9992608511507505)
16: (0.0, 0.0), (-1.4402230510202259, 3.7317231359400167), (-5.171946186960243, 2.291500084919791), (-3.7317231359400167, -1.4402230510202256)
1: (0.0, 0.0), (-0.10881710436676041, -0.9940617877160521), (0.8852446833492917, -1.1028788920828125), (0.9940617877160521, -0.10881710436676047)
1: (0.0, 0.0), (-0.5608107821591, -0.8279439996848208), (0.267133217525722, -1.3887547818439205), (0.8279439996848208, -0.5608107821591)
1: (0.0, 0.0), (-0.508324189391103, 0.8611657903562345), (-1.3694899797473374, 0.3528416009651316), (-0.8611657903562345, -0.5083241893911029)
3: (0.0, 0.0), (-2.864786339840332, 0.8905050404485281), (-3.161621353323175, -0.06442373949824898), (-0.29683501348284275, -0.9549287799467773)
1: (0.0, 0.0), (-0.6797549819104877, -0.7334392712201008), (0.05368428930961314, -1.4131942531305886), (0.7334392712201008, -0.6797549819104877)
16: (0.0, 0.0), (-0.5034376340519744, 3.9681923527747682), (-4.471629986826743, 3.464754718722794), (-3.9681923527747682, -0.5034376340519742)
1: (0.0, 0.0), (0.8331577228108232, -0.5530354499674353), (1.3861931727782584, 0.2801222728433884), (0.5530354499674349, 0.8331577228108233)
1: (0.0, 0.0), (0.21665112594809735, -0.2872432529148265), (0.5038943788629238, -0.07059212696672915), (0.2872432529148265, 0.21665112594809735)
1: (0.0, 0.0), (0.7563495401891551, 0.6541676949037254), (0.10218184528542984, 1.4105172350928805), (-0.6541676949037254, 0.7563495401891552)
1: (0.0, 0.0), (0.6539566189322, 0.7565320485972589), (-0.10257542966505877, 1.410488667529459), (-0.7565320485972589, 0.6539566189322001)
1: (0.0, 0.0), (-0.19265954722419068, -0.1593182314217988), (-0.033341315802392066, -0.3519777786459895), (0.15931823142179888, -0.19265954722419062)
1: (0.0, 0.0), (0.7017554181271904, 0.7124179483485323), (-0.010662530221341865, 1.414173366475723), (-0.7124179483485323, 0.7017554181271904)
1: (0.0, 0.0), (-0.8539312030839635, -0.520385914874312), (-0.33354528820965174, -1.3743171179582756), (0.5203859148743119, -0.8539312030839635)
1: (0.0, 0.0), (0.7108473755726644, 0.7033462935435542), (0.007501082029110309, 1.4141936691162187), (-0.703346293543554, 0.7108473755726644)
1: (0.0, 0.0), (-0.8746366714711589, -0.4847790145188343), (-0.38985765695232455, -1.3594156859899933), (0.48477901451883426, -0.8746366714711589)
1: (0.0, 0.0), (0.25576258198886725, 0.9667396245393006), (-0.7109770425504334, 1.2225022065281679), (-0.9667396245393006, 0.2557625819888673)
1: (0.0, 0.0), (-0.7861718484385972, 0.6180079487536057), (-1.404179797192203, -0.16816389968499157), (-0.6180079487536057, -0.7861718484385972)
1: (0.0, 0.0), (-0.6251627778094717, 0.7804943953940637), (-1.4056571732035354, 0.1553316175845921), (-0.7804943953940637, -0.6251627778094716)
1: (0.0, 0.0), (-0.06312505841836863, -0.6146179675915148), (0.5514929091731461, -0.6777430260098836), (0.6146179675915148, -0.06312505841836867)
1: (0.0, 0.0), (-0.2194538686181963, 0.9756228777291497), (-1.195076746347346, 0.7561690091109534), (-0.9756228777291498, -0.21945386861819624)
1: (0.0, 0.0), (0.9262913034556179, 0.37680820206371873), (0.5494831013918993, 1.3030995055193366), (-0.3768082020637187, 0.9262913034556179)
1: (0.0, 0.0), (-0.6106693092966934, 0.09393089890843352), (-0.7046002082051268, -0.5167384103882597), (-0.09393089890843329, -0.6106693092966934)
1: (0.0, 0.0), (-0.1239705418564665, 0.9922858986964463), (-1.116256440552913, 0.86831535683998), (-0.9922858986964463, -0.12397054185646644)
3: (0.0, 0.0), (0.8572426711525254, -2.874914781824895), (1.8155475984274905, -2.5891672247740534), (0.9583049272749651, 0.28574755705084154)
1: (0.0, 0.0), (-0.11220569951649395, 0.22340519464867925), (-0.33561089416517326, 0.11119949513218533), (-0.22340519464867928, -0.11220569951649394)
1: (0.0, 0.0), (-0.9957964065409011, 0.09159430506438945), (-1.0873907116052905, -0.9042021014765117), (-0.09159430506438952, -0.9957964065409011)
1: (0.0, 0.0), (-0.3861776598367819, -0.9224244224016332), (0.5362467625648514, -1.3086020822384152), (0.9224244224016332, -0.38617765983678193)
1: (0.0, 0.0), (-0.889083440162791, 0.4577451653794902), (-1.3468286055422813, -0.4313382747833007), (-0.4577451653794903, -0.889083440162791)
3: (0.0, 0.0), (1.6594140797258352, -2.499268875492923), (2.492503704890143, -1.9461308489176448), (0.8330896251643076, 0.5531380265752783)
1: (0.0, 0.0), (-0.5589678512071545, -0.8291893277876027), (0.27022147658044937, -1.388157178994757), (0.8291893277876027, -0.5589678512071545)
1: (0.0, 0.0), (0.2259700215399424, -0.9741342563349459), (1.200104277874889, -0.7481642347950025), (0.9741342563349457, 0.225970021539943)
1: (0.0, 0.0), (-0.2310087215663263, 0.5090530135067384), (-0.7400617350730647, 0.2780442919404121), (-0.5090530135067384, -0.23100872156632626)
1: (0.0, 0.0), (0.942386947028465, -0.33452480038162946), (1.2769117474100946, 0.6078621466468358), (0.3345248003816293, 0.942386947028465)
1: (0.0, 0.0), (-0.3531884746450172, -0.935552190622162), (0.5823637159771448, -1.2887406652671791), (0.9355521906221619, -0.35318847464501724)
1: (0.0, 0.0), (0.39106665099635374, 0.47833763553074404), (-0.08727098453439028, 0.8694042865270977), (-0.47833763553074404, 0.3910666509963538)
1: (0.0, 0.0), (-0.5267060436397325, -0.3229872484789873), (-0.20371879516074481, -0.8496932921187198), (0.322987248478987, -0.5267060436397326)
3: (0.0, 0.0), (-0.7276259629597592, -2.9104227284068003), (0.24251494650917393, -3.1529647160600534), (0.9701409094689334, -0.24254198765325316)
1: (0.0, 0.0), (0.7015070456209406, 0.08881365291541418), (0.6126933927055264, 0.7903206985363547), (-0.08881365291541414, 0.7015070456209406)
1: (0.0, 0.0), (0.2863797588012368, 0.9581161901089791), (-0.6717364313077424, 1.244495948910216), (-0.9581161901089791, 0.28637975880123684)
3: (0.0, 0.0), (-2.780396314387169, 1.1266749020645872), (-3.155954615075365, 0.1998761306021978), (-0.3755583006881958, -0.9267987714623896)
2: (0.0, 0.0), (0.5586991989092938, -0.018846886695509), (0.6629002840129491, -0.24609594359832832), (0.31260325531096556, -0.6817471707084579), (0.8713024542202594, -0.7005940574039669), (0.9755035393239144, -0.9278431143067861), (0.6252065106219311, -1.3634943414169158), (1.1839057095312249, -1.3823412281124245), (1.2881067946348803, -1.6095902850152441), (0.9378097659328967, -2.045241512125374), (1.9510070786478289, -1.8556862286135722), (0.9089962276112772, 0.4168043404146209)
1: (0.0, 0.0), (0.05680285025214746, 0.9983854146587039), (-0.9415825644065564, 1.0551882649108515), (-0.9983854146587039, 0.05680285025214752)
1: (0.0, 0.0), (-0.8874784668797756, -0.4608491844678941), (-0.426629282411881, -1.3483276513476699), (0.46084918446789364, -0.8874784668797758)
3: (0.0, 0.0), (-1.7004500676077683, -2.471531826129847), (-0.876606125564486, -3.0383485153324363), (0.8238439420432824, -0.5668166892025894)
1: (0.0, 0.0), (-0.9302794226728605, -0.3668517353801799), (-0.5634276872926812, -1.2971311580530402), (0.36685173538018023, -0.9302794226728602)
1: (0.0, 0.0), (-0.9790416155209193, -0.20366029332736513), (-0.7753813221935537, -1.1827019088482849), (0.20366029332736463, -0.9790416155209194)
1: (0.0, 0.0), (-0.9326230717129333, 0.3608520557080599), (-1.2934751274209935, -0.5717710160048735), (-0.36085205570806034, -0.9326230717129331)
1: (0.0, 0.0), (0.9982914141551594, -0.05843160466812347), (1.0567230188232828, 0.9398598094870363), (0.058431604668123284, 0.9982914141551594)
1: (0.0, 0.0), (-0.33699162566151164, -0.9415076442780544), (0.6045160186165428, -1.2784992699395663), (0.9415076442780544, -0.3369916256615117)
1: (0.0, 0.0), (0.9895325416402598, 0.1443099062260367), (0.8452226354142232, 1.1338424478662965), (-0.14430990622603665, 0.9895325416402598)
1: (0.0, 0.0), (-0.613676757866405, 0.789557367677978), (-1.403234125544383, 0.17588060981157314), (-0.789557367677978, -0.6136767578664049)
1: (0.0, 0.0), (0.6968304127380073, 0.7172359276300779), (-0.020405514892070625, 1.4140663403680853), (-0.7172359276300779, 0.6968304127380073)
1: (0.0, 0.0), (0.3873598109890327, 0.9219286180776367), (-0.534568807088604, 1.3092884290666695), (-0.9219286180776366, 0.38735981098903277)
1: (0.0, 0.0), (-0.27846269489560777, -0.9604470456779362), (0.6819843507823284, -1.238909740573544), (0.9604470456779362, -0.2784626948956078)
1: (0.0, 0.0), (-0.8438655680674938, -0.5365546598717841), (-0.3073109081957098, -1.3804202279392779), (0.5365546598717841, -0.8438655680674939)
1: (0.0, 0.0), (-0.0744121715692074, -0.23866886835604437), (0.16425669678683696, -0.3130810399252518), (0.23866886835604437, -0.07441217156920742)
1: (0.0, 0.0), (-0.9654949882437466, -0.260421634424269), (-0.7050733538194777, -1.2259166226680156), (0.2604216344242689, -0.9654949882437466)
1: (0.0, 0.0), (0.5544982595792433, 0.07093433670367376), (0.48356392287556954, 0.625432596282917), (-0.07093433670367373, 0.5544982595792433)
1: (0.0, 0.0), (0.9480351925538935, 0.3181654815961376), (0.6298697109577559, 1.2662006741500311), (-0.31816548159613756, 0.9480351925538935)
1: (0.0, 0.0), (-0.3647927060381203, -0.4235873954939943), (0.05879468945587395, -0.7883801015321147), (0.4235873954939943, -0.36479270603812036)
1: (0.0, 0.0), (0.5286254572212328, 0.18181068719314225), (0.3468147700280906, 0.710436144414375), (-0.18181068719314222, 0.5286254572212328)
1: (0.0, 0.0), (-0.08721665202931819, 0.996189367343778), (-1.0834060193730963, 0.90897271531446), (-0.996189367343778, -0.08721665202931812)
1: (0.0, 0.0), (-0.9613235892744696, -0.2754214165682307), (-0.685902172706239, -1.2367450058427005), (0.27542141656823066, -0.9613235892744696)
1: (0.0, 0.0), (-0.10706179759178393, -0.9942523681120482), (0.8871905705202644, -1.1013141657038323), (0.9942523681120482, -0.10706179759178398)
1: (0.0, 0.0), (-0.19019450286945494, 0.525667243680107), (-0.7158617465495619, 0.33547274081065204), (-0.525667243680107, -0.1901945028694549)
3: (0.0, 0.0), (-1.6584021596955536, -2.4999404546342947), (-0.8250886748174554, -3.052741174532813), (0.8333134848780982, -0.5528007198985179)
1: (0.0, 0.0), (0.7887191022322797, 0.6147537537696754), (0.17396534846260425, 1.4034728560019551), (-0.6147537537696754, 0.7887191022322797)
1: (0.0, 0.0), (-0.5879325158788791, 0.8089099806358749), (-1.3968424965147541, 0.220977464756996), (-0.808909980635875, -0.587932515878879)
1: (0.0, 0.0), (-0.06814829508694602, -0.9976752025968885), (0.9295269075099425, -1.0658234976838348), (0.9976752025968885, -0.06814829508694607)
1: (0.0, 0.0), (0.019273090433791325, -0.9998142567422865), (1.019087347176077, -0.9805411663084962), (0.9998142567422865, 0.019273090433791065)
1: (0.0, 0.0), (-0.7990889458740486, 0.6012128213718515), (-1.4003017672459002, -0.19787612450219705), (-0.6012128213718516, -0.7990889458740486)
16: (0.0, 0.0), (2.2439244108967844, 3.311314427562191), (-1.0673900166654062, 5.555238838458975), (-3.311314427562191, 2.2439244108967844)
1: (0.0, 0.0), (-0.2638582876012933, -0.9645614568621914), (0.7007031692608982, -1.2284197444634848), (0.9645614568621914, -0.2638582876012934)
1: (0.0, 0.0), (-0.9989427924705965, -0.04597061421219814), (-0.9529721782583984, -1.0449134066827948), (0.04597061421219808, -0.9989427924705965)
2: (0.0, 0.0), (-0.6837217364271955, -0.18034574332925246), (-1.9798229560618674, 0.5747182463176619), (-2.1601686993911198, 1.2584399827448576), (-2.663544692489063, 0.3943725029884095), (-0.5033759930979435, -0.8640674797564477)
1: (0.0, 0.0), (-0.9718284578130041, 0.2356893051981742), (-1.2075177630111784, -0.7361391526148299), (-0.23568930519817466, -0.971828457813004)
16: (0.0, 0.0), (3.944539113538308, -0.6637854937902914), (4.608324607328598, 3.280753619748019), (0.6637854937902897, 3.944539113538308)
3: (0.0, 0.0), (-0.16136765457462826, 2.9956569363091434), (-1.159919966677676, 2.9418677181176007), (-0.9985523121030478, -0.05378921819154269)
1: (0.0, 0.0), (-0.4687427033387336, -0.8833347485900778), (0.41459204525134424, -1.3520774519288115), (0.8833347485900778, -0.46874270333873364)
1: (0.0, 0.0), (-0.4405574321064171, -0.8977244282160309), (0.4571669961096138, -1.3382818603224482), (0.8977244282160309, -0.4405574321064172)
1: (0.0, 0.0), (0.5299103637271271, 0.17803091421038056), (0.35187944951674655, 0.7079412779375077), (-0.17803091421038053, 0.5299103637271271)
1: (0.0, 0.0), (0.3765894370629603, -0.9263802652758761), (1.302969702338836, -0.549790828212917), (0.9263802652758762, 0.37658943706296005)
16: (0.0, 0.0), (-3.028639963527042, 2.612917903671472), (-5.6415578671985145, -0.41572205985557), (-2.612917903671472, -3.028639963527042)
1: (0.0, 0.0), (0.655764336643912, -0.7549656513947969), (1.410729988038709, -0.09920131475088495), (0.7549656513947969, 0.6557643366439121)
1: (0.0, 0.0), (-0.6661609968725862, -0.745807968746461), (0.07964697187387543, -1.4119689656190473), (0.7458079687464607, -0.6661609968725866)
1: (0.0, 0.0), (-0.37737539826474575, -0.9260603699460012), (0.5486849716812542, -1.3034357682107476), (0.9260603699460012, -0.3773753982647458)
1: (0.0, 0.0), (0.32733403212082124, 0.5240156968089523), (-0.1966816646881311, 0.8513497289297736), (-0.5240156968089523, 0.32733403212082124)
1: (0.0, 0.0), (-0.4612715429718239, -0.8872590172234898), (0.42598747425166583, -1.3485305601953137), (0.8872590172234897, -0.46127154297182393)
1: (0.0, 0.0), (-0.22246721176830214, -0.9749401723634314), (0.7524729605951294, -1.1974073841317336), (0.9749401723634314, -0.2224672117683022)
1: (0.0, 0.0), (0.9968276398201878, 0.07959055528461763), (0.9172370845355703, 1.0764181951048055), (-0.07959055528461757, 0.9968276398201878)
1: (0.0, 0.0), (-0.9859370181316696, -0.1671173129200921), (-0.8188197052115774, -1.1530543310517616), (0.16711731292009205, -0.9859370181316696)
2: (0.0, 0.0), (-0.41701685611831824, 0.3722861019608359), (-0.3515057865576476, 0.6135500648003304), (0.19653320868201204, 0.7237918885184834), (-0.22048364743630625, 1.0960779904793192), (-0.15497257787563554, 1.3373419533188136), (0.3930664173640241, 1.4475837770369668), (-0.023950438754294312, 1.8198698789978027), (0.0415606308063764, 2.061133841837297), (0.5895996260460361, 2.17137566555545), (-0.3099451557512711, 2.674683906637627), (-0.9650558513579779, 0.2620442782426828)
1: (0.0, 0.0), (-0.8848538854450022, -0.4658686525329676), (-0.4189852329120341, -1.3507225379779702), (0.46586865253296716, -0.8848538854450024)
1: (0.0, 0.0), (0.2065659158991383, 0.9784326866927281), (-0.7718667707935898, 1.1849986025918664), (-0.978432686692728, 0.20656591589913836)
1: (0.0, 0.0), (-0.4298747167507274, 0.9028885467755596), (-1.3327632635262872, 0.4730138300248323), (-0.9028885467755596, -0.42987471675072736)
2: (0.0, 0.0), (0.5486729300585866, -0.44604710045120266), (0.7026116744696629, -1.9381271462158867), (0.25656457401846006, -2.486800076274473), (1.2512846045282493, -2.384174246667089), (0.9947200305097893, 0.1026258296073842)
1: (0.0, 0.0), (-0.9901823702239214, -0.1397815213028428), (-0.8504008489210781, -1.1299638915267645), (0.1397815213028423, -0.9901823702239214)
1: (0.0, 0.0), (0.9909188944898105, 0.13446094058533026), (0.8564579539044803, 1.125379835075141), (-0.1344609405853302, 0.9909188944898105)
1: (0.0, 0.0), (0.4338944665376968, -0.9009637017704806), (1.334858168308178, -0.4670692352327827), (0.9009637017704804, 0.43389446653769737)
1: (0.0, 0.0), (-0.11514150435329608, -0.993349099750566), (0.87820759539727, -1.1084906041038622), (0.993349099750566, -0.11514150435329613)
3: (0.0, 0.0), (2.5922374246814943, -1.5100679236645798), (3.0955933992363542, -0.6459887821040817), (0.5033559745548594, 0.8640791415604984)
1: (0.0, 0.0), (0.20215167359705918, 0.9793542264481775), (-0.7772025528511183, 1.1815059000452368), (-0.9793542264481775, 0.20215167359705924)
1: (0.0, 0.0), (0.4696196406462638, -0.8828688425351039), (1.3524884831813675, -0.4132492018888413), (0.882868842535104, 0.4696196406462636)
1: (0.0, 0.0), (-0.6702816274584172, -0.7421068251213538), (0.07182519766293653, -1.412388452579771), (0.7421068251213537, -0.6702816274584172)
1: (0.0, 0.0), (0.060998308112765076, 0.9981378694385762), (-0.9371395613258111, 1.0591361775513415), (-0.9981378694385762, 0.06099830811276513)
2: (0.0, 0.0), (-0.7064710109188592, -0.029978504487133698), (-1.8111452840278488, 0.9847602551604544), (-1.8411237885149823, 1.6912312660793138), (-2.517616294946708, 0.9547817506733207), (-0.6764925064317255, -0.7364495154059929)
1: (0.0, 0.0), (-0.5385951941486479, 0.8425646662660263), (-1.3811598604146742, 0.30396947211737857), (-0.8425646662660264, -0.5385951941486478)
1: (0.0, 0.0), (-0.8885331170240848, -0.4588124888791325), (-0.42972062814495293, -1.3473456059032172), (0.45881248887913284, -0.8885331170240846)
1: (0.0, 0.0), (0.48021766270618943, -0.8771493581055648), (1.3573670208117543, -0.3969316953993755), (0.8771493581055648, 0.48021766270618954)
1: (0.0, 0.0), (0.7389830252345465, 0.6737240447061376), (0.06525898052840892, 1.412707069940684), (-0.6737240447061376, 0.7389830252345465)
1: (0.0, 0.0), (-0.6233468798445939, 0.7819454376029119), (-1.405292317447506, 0.15859855775831813), (-0.781945437602912, -0.6233468798445938)
1: (0.0, 0.0), (0.9522274030371807, -0.30538987033801024), (1.257617273375191, 0.6468375326991704), (0.30538987033801024, 0.9522274030371807)
1: (0.0, 0.0), (0.8331376444095401, 0.5530656972437568), (0.2800719471657834, 1.3862033416532968), (-0.5530656972437566, 0.8331376444095401)
1: (0.0, 0.0), (0.40331782865527727, -0.915059959286162), (1.3183777879414393, -0.5117421306308848), (0.9150599592861619, 0.40331782865527743)
