(0.0, 0.0), (0.6355272796709799, -0.77207841363038), (-0.1365511339594, -1.40760569330136), (-0.7720784136303797, -0.6355272796709803), (-0.7038028466506798, 0.06827556697969993), (0.4543147737948893, 1.0215664864861702), (1.1581176204455694, 0.9532909195064705), (0.5225903407745884, 1.7253693331368503), (-1.40760569330136, 0.13655113395939927), (-2.0431329729723404, 0.9086295475897788), (-2.81521138660272, 0.27310226791879855), (-2.17968410693174, -0.49897614571158094), (-2.951762520562119, -1.1345034253825617), (-3.5872898002330995, -0.36242501175218067), (-1.5888181991774508, 1.9301960340759488), (-2.4548716962872557, 1.4302446963000846), (-3.1378741137300907, 1.6132957759670548), (-3.887801120393889, 2.9123760216317613), (-3.7047500407269185, 3.5953784390745955), (-4.570803537836724, 3.095427101298731), (-3.3209251933970605, 0.9302933585242195), (-4.222817079904079, 0.4096534018781977), (-4.85834435957506, 1.1817318155085779), (-5.63042277320544, 0.5462045358375971), (-4.994895493534459, -0.22587387779278306), (-5.0631710605141595, -0.929676724443463), (-6.221288680959729, -1.8829676439499312), (-6.925091527610409, -1.8146920769702322), (-6.2895642479394285, -2.586770490600613), (-4.35936821386348, -0.9979522914231619), (-3.7238409341924994, -1.7700307050535413), (-4.495919347822878, -2.405557984724523), (-3.8603920681518984, -3.1776363983549016), (-1.5441568272607593, -1.2710545593419607), (-0.9086295475897799, -2.04313297297234), (-1.68070796122016, -2.67866025264332), (-1.0451806815491789, -3.4507386662736996), (-0.2731022679188, -2.81521138660272), (0.36242501175217884, -3.5872898002330995), (-0.4096534018781999, -4.222817079904079), (-1.1134562485288801, -4.1545415129243795), (-2.066747168035349, -2.99642389247881), (-1.9984716010556483, -2.2926210458281306), (-2.7705500146860276, -2.9281483254991114), (-1.1817318155085803, -4.85834435957506), (-1.9538102291389603, -5.49387163924604), (-1.318282949467981, -6.265950052876419), (-0.5462045358376, -5.63042277320544), (0.15759831081308148, -5.698698340185139), (1.1108892303195521, -6.856815960630708), (1.0426136633398517, -7.560618807281389), (1.8146920769702284, -6.92509152761041), (0.2258738777927805, -4.99489549353446), (0.9979522914231598, -4.35936821386348), (1.6334795710941397, -5.131446627493859), (2.405557984724521, -4.495919347822879), (0.4989761457115799, -2.17968410693174), (1.2710545593419598, -1.54415682726076), (1.9065818390129396, -2.3162352408911397), (2.67866025264332, -1.68070796122016), (2.04313297297234, -0.90862954758978), (2.81521138660272, -0.27310226791880016), (3.5190142332534, -0.34137783489850015), (4.47230515275987, -1.4994954553440678), (4.40402958578017, -2.2032983019947494), (5.176107999410551, -1.5677710223237686), (3.5872898002330995, 0.3624250117521819), (4.35936821386348, 0.997952291423162), (3.7238409341924985, 1.7700307050535422), (2.951762520562119, 1.1345034253825617), (2.316235240891139, 1.906581839012941), (3.0883136545215186, 2.5421091186839213), (3.7921165011721985, 2.473833551704222), (4.745407420678668, 1.3157159312586528), (4.6771318536989686, 0.6119130846079721), (5.449210267329349, 1.2474403642789536), (3.8603920681518984, 3.1776363983549016), (4.632470481782278, 3.813163678025882), (3.9969432021112965, 4.585242091656261), (3.2248647884809167, 3.9497148119852814), (2.5210619418302374, 4.017990378964981), (1.5677710223237653, 5.176107999410552), (1.6360465893034646, 5.879910846061231), (0.8639681756730867, 5.24438356639025), (2.452786374850538, 3.314187532314301), (1.6807079612201583, 2.6786602526433207), (1.0451806815491769, 3.4507386662737005), (0.2731022679187984, 2.81521138660272), (2.17968410693174, 0.498976145711581), (1.40760569330136, -0.13655113395940008), (0.7720784136303797, 0.6355272796709803)
(-2.2705832267659765, -0.6719638104685524), (-1.5759481788588776, -0.8041838929791243), (-0.7323257307640871, -2.0444665886056304), (-0.8645458132746575, -2.739101636512728), (-0.0376906828569874, -2.1766866711162005), (-1.4437280963483061, -0.10954884507202464)
(3.5659887539170247, 1.0367965759977), (2.860559860048527, 0.9881131527874507), (1.7293913844304072, 1.973231358774823), (1.680707961220158, 2.6786602526433203), (1.0239624905619102, 1.9245479355645732), (2.909243283258776, 0.28268425891895355)
(0.7630481519213057, -3.0742623572403263), (0.6567293285466547, -3.7733305283053733), (-0.5513511631128925, -4.662454549840966), (-1.250419334177939, -4.556135726466316), (-0.6576699864875435, -5.361522720906014), (1.3557974996117008, -3.8796493516800243)
(-4.972593631254091, -0.2865314663846379), (-4.275435679583678, -0.4047295646041783), (-3.406995899407372, -1.6277636394391055), (-3.525193997626911, -2.3249215911095176), (-2.7098379477369603, -1.7459617376586456), (-4.157237581364139, 0.292428387066234)
(0.4989761457115799, -2.17968410693174), (2.382528582966144, 0.20825019202047157), (-0.17367538706997165, -1.4397247057166265)
(3.0403408347160283, 3.9547232246984123), (2.410277979156933, 3.17817908683842), (3.186822117016925, 2.548116231279325), (3.816884972576021, 3.324660369139317)
(1.1826964760925076, 3.194579083162224), (0.6733451002801871, 2.704108721205361), (1.1638154622370496, 2.19475734539304), (1.6731668380493705, 2.685227707349903)
(1.902887181866547, 2.0048341679507065), (2.577401754132828, 2.217037117507108), (2.3651988045764267, 2.8915516897733884), (1.6906842323101454, 2.6793487402169873)
(2.04313297297234, -0.9086295475897801), (1.4143540559292322, -1.2321060899882932), (1.7378305983277456, -1.860885007031401), (2.366609515370853, -1.5374084646328878)
(0.3838221481736498, -3.179989619826986), (0.9408696952773675, -2.7444462462512518), (0.5053263217016333, -2.187398699147534), (-0.05172122540208435, -2.622942072723268)
(-1.1817318155085803, -4.85834435957506), (-1.6884999503356217, -5.351483343558198), (-1.1953609663524831, -5.85825147838524), (-0.6885928315254418, -5.365112494402101)
(-2.951762520562119, -1.1345034253825617), (-2.5222023698216995, -1.6961777766715165), (-1.9605280185327447, -1.2666176259310966), (-2.3900881692731644, -0.704943274642142)
(-4.994895493534459, -0.22587387779278306), (-4.393886490377243, 0.1466689762843953), (-4.766429344454421, 0.7476779794416113), (-5.367438347611637, 0.3751351253644329)
(0.99795229142316, -4.35936821386348), (1.4527092601048897, -4.900844066912722), (1.9941851131541322, -4.446087098230993), (1.5394281444724016, -3.9046112451817505)
(-2.17968410693174, -0.4989761457115809), (-1.594598772288582, -0.10189284061615878), (-1.991682077384004, 0.48319249402699915), (-2.576767412027162, 0.0861091889315771)
(-3.1570902042214426, 0.17193153446494813), (-3.589943886975443, 0.7310716683547437), (-4.149084020865239, 0.29821798560074275), (-3.716230338111237, -0.2609221482890529)
(-2.45307995190388, 1.4271279756933966), (-3.135419881235059, 1.6126332878553986), (-3.3209251933970605, 0.9302933585242195), (-2.6385852640658816, 0.7447880463622178)
(3.234732221111797, -0.2539453494515058), (3.764086839537081, 0.06468250092957684), (3.4454589891559975, 0.5940371193548599), (2.9161043707307144, 0.2754092689737777)
(-4.260467603727348, -2.5386197380015867), (-3.93731278036865, -3.0652229845037864), (-3.4107095338664513, -2.742068161145089), (-3.733864357225149, -2.21546491464289)
(-4.457726205131301, -1.052869849970325), (-4.33453307960444, -0.447424994587466), (-4.939977934987298, -0.3242318690606054), (-5.0631710605141595, -0.9296767244434636)
#
1: (0.0, 0.0), (-0.9982155450339836, -0.05971369736088326), (-0.9385018476731005, -1.057929242394867), (0.05971369736088275, -0.9982155450339836)
3: (0.0, 0.0), (-2.100676425092828, 2.141765289909054), (-2.814598188395846, 1.441539814878112), (-0.7139217633030182, -0.7002254750309427)
3: (0.0, 0.0), (0.74063563073047, 2.9071392918971872), (-0.22841079990192562, 3.154017835474011), (-0.9690464306323957, 0.24687854357682337)
3: (0.0, 0.0), (-2.961380769662752, 0.479816566066291), (-3.1213196250181827, -0.5073103571546262), (-0.15993885535543037, -0.9871269232209173)
1: (0.0, 0.0), (0.8515759256367536, -0.5242312875782086), (1.3758072132149621, 0.3273446380585455), (0.5242312875782082, 0.8515759256367538)
1: (0.0, 0.0), (-0.806891373364059, 0.5906998489847975), (-1.3975912223488567, -0.2161915243792615), (-0.590699848984798, -0.8068913733640588)
1: (0.0, 0.0), (1.171514700125118, -0.14505211004857702), (1.316566810173695, 1.026462590076541), (0.14505211004857707, 1.171514700125118)
1: (0.0, 0.0), (-0.9977868675686226, 0.06649335987597542), (-1.0642802274445982, -0.9312935076926473), (-0.06649335987597503, -0.9977868675686227)
1: (0.0, 0.0), (-0.9046037116854981, 0.4262535921312807), (-1.330857303816779, -0.47835011955421736), (-0.4262535921312804, -0.9046037116854982)
1: (0.0, 0.0), (0.8633532958434339, -0.5045999272257974), (1.3679532230692313, 0.3587533686176375), (0.5045999272257968, 0.8633532958434342)
1: (0.0, 0.0), (-0.7241495449869946, 0.6896429775580468), (-1.4137925225450414, -0.034506567428947685), (-0.6896429775580469, -0.7241495449869946)
1: (0.0, 0.0), (-0.8095783966108524, -0.5870117713819727), (-0.2225666252288804, -1.3965901679928252), (0.587011771381973, -0.8095783966108522)
1: (0.0, 0.0), (-0.9999803997781006, -0.0062609950990335965), (-0.9937194046790672, -1.0062413948771343), (0.006260995099033979, -0.9999803997781006)
1: (0.0, 0.0), (0.8427933703418079, -0.5382372477893891), (1.381030618131197, 0.304556122552419), (0.538237247789389, 0.842793370341808)
3: (0.0, 0.0), (-1.1716338222489706, -2.761752013950975), (-0.25104981759864575, -3.152296621367299), (0.9205840046503251, -0.3905446074163236)
1: (0.0, 0.0), (0.9814635374168159, 0.19164896222330655), (0.7898145751935095, 1.1731124996401225), (-0.1916489622233065, 0.9814635374168159)
1: (0.0, 0.0), (0.28122234156208675, -0.5501399946313518), (0.8313623361934385, -0.268917653069265), (0.5501399946313518, 0.28122234156208675)
1: (0.0, 0.0), (0.41381831014739334, 0.9103594928305827), (-0.4965411826831893, 1.324177802977976), (-0.9103594928305827, 0.4138183101473934)
1: (0.0, 0.0), (0.37629692479830806, -0.5986657033665255), (0.9749626281648334, -0.2223687785682174), (0.5986657033665254, 0.3762969247983081)
1: (0.0, 0.0), (-0.37234723434654643, -0.6011302164044644), (0.2287829820579179, -0.9734774507510107), (0.6011302164044644, -0.37234723434654643)
2: (0.0, 0.0), (0.6190848747102575, -0.3416634570816509), (1.0352170011531672, -1.7827859547695128), (0.6935535440715163, -2.4018708294797704), (1.6543018758634245, -2.1244494118511636), (0.960748331791908, 0.27742141762860667)
1: (0.0, 0.0), (-0.5775146955632646, -0.4080156570628998), (-0.16949903850036493, -0.9855303526261643), (0.40801565706289966, -0.5775146955632646)
1: (0.0, 0.0), (0.9713335172360984, 0.23772084110096453), (0.733612676135134, 1.2090543583370632), (-0.23772084110096448, 0.9713335172360985)
3: (0.0, 0.0), (-2.343280782322919, -1.8732418891312699), (-1.7188668192791627, -2.65433548323891), (0.6244139630437566, -0.7810935941076397)
1: (0.0, 0.0), (-0.38274630810443877, 0.5945630863351863), (-0.9773093944396252, 0.2118167782307476), (-0.5945630863351863, -0.3827463081044387)
1: (0.0, 0.0), (-0.2506859635270749, -0.968068462295153), (0.7173824987680771, -1.2187544258222285), (0.968068462295153, -0.25068596352707495)
1: (0.0, 0.0), (0.5192665029608204, 0.33481684245193977), (0.18444966050888065, 0.8540833454127602), (-0.33481684245193977, 0.5192665029608204)
1: (0.0, 0.0), (-0.9936440581777923, 0.11256769362462773), (-1.1062117518024202, -0.8810763645531646), (-0.11256769362462779, -0.9936440581777923)
1: (0.0, 0.0), (0.7605743815207491, -0.6492508068337921), (1.4098251883545412, 0.11132357468695772), (0.6492508068337918, 0.7605743815207494)
1: (0.0, 0.0), (0.9813659735147071, 0.19214792746093098), (0.7892180460537762, 1.1735139009756381), (-0.19214792746093093, 0.9813659735147071)
1: (0.0, 0.0), (-0.701500456080618, -0.7126690046007929), (0.011168548520175445, -1.414169460681411), (0.7126690046007925, -0.7015004560806184)
1: (0.0, 0.0), (-1.1804418676763762, 0.006618479848014293), (-1.1870603475243904, -1.1738233878283617), (-0.006618479848014365, -1.1804418676763762)
1: (0.0, 0.0), (0.997196240281419, 0.07483086507987617), (0.9223653752015428, 1.072027105361295), (-0.0748308650798761, 0.997196240281419)
1: (0.0, 0.0), (-0.9836654435373123, -0.1800063754163794), (-0.8036590681209335, -1.1636718189536914), (0.1800063754163798, -0.9836654435373123)
1: (0.0, 0.0), (-0.5882445762861395, 0.39238796932365333), (-0.9806325456097927, -0.19585660696248608), (-0.3923879693236534, -0.5882445762861395)
3: (0.0, 0.0), (2.908244008772413, 0.7362858041816144), (2.6628154073785417, 1.7057004737724184), (-0.2454286013938714, 0.9694146695908042)
1: (0.0, 0.0), (-0.9475194704219752, 0.31969806563578024), (-1.2672175360577556, -0.627821404786195), (-0.3196980656357803, -0.9475194704219752)
1: (0.0, 0.0), (0.9976292044494991, -0.06881838729191109), (1.06644759174141, 0.9288108171575885), (0.06881838729191068, 0.9976292044494992)
2: (0.0, 0.0), (0.46231069732129904, 0.5350409509021663), (1.9583381696564968, 0.6441363312734675), (2.493379120558663, 0.18182563395216841), (2.4206488669777957, 1.1791772821756337), (-0.0727302535808673, 0.9973516482234652)
1: (0.0, 0.0), (-0.0818400981216801, 0.9966454727431584), (-1.0784855708648384, 0.9148053746214785), (-0.9966454727431584, -0.08184009812168004)
1: (0.0, 0.0), (-0.9652668005429195, -0.26126615504047906), (-0.70400064550244, -1.226532955583399), (0.26126615504047856, -0.9652668005429197)
1: (0.0, 0.0), (0.8763016178287706, 0.48176288212219026), (0.3945387357065803, 1.358064499950961), (-0.4817628821221902, 0.8763016178287706)
1: (0.0, 0.0), (0.9872551425332167, -0.1591454791746157), (1.1464006217078322, 0.8281096633586014), (0.15914547917461552, 0.9872551425332167)
1: (0.0, 0.0), (0.6959214537705037, -0.12527302256251482), (0.8211944763330186, 0.5706484312079889), (0.12527302256251485, 0.6959214537705037)
3: (0.0, 0.0), (0.08825513142670549, 2.9987015576373808), (-0.9113120544524214, 3.0281199347796166), (-0.999567185879127, 0.029418377142235226)
3: (0.0, 0.0), (-0.9117610460829725, 2.8580923349055194), (-1.8644584910514788, 2.5541719862111956), (-0.9526974449685065, -0.3039203486943241)
1: (0.0, 0.0), (-0.21210014111022998, -0.9772479368824579), (0.765147795772229, -1.1893480779926873), (0.9772479368824579, -0.21210014111023007)
3: (0.0, 0.0), (2.966598337835416, -0.4464239038762894), (3.115406305794179, 0.5424422087355165), (0.14880796795876297, 0.9888661126118053)
1: (0.0, 0.0), (0.2661469674196375, -0.5575892850656092), (0.8237362524852467, -0.2914423176459718), (0.5575892850656092, 0.2661469674196376)
1: (0.0, 0.0), (0.5406171219958863, -0.2991206219763723), (0.8397377439722585, 0.2414965000195145), (0.2991206219763719, 0.5406171219958865)
1: (0.0, 0.0), (0.8217173513158317, -0.847506579198819), (1.6692239305146506, -0.025789227882987355), (0.8475065791988189, 0.8217173513158317)
1: (0.0, 0.0), (0.4775264971603036, -0.8786173481725765), (1.3561438453328802, -0.401090851012273), (0.8786173481725763, 0.477526497160304)
1: (0.0, 0.0), (0.9804493709113521, -0.19677151999091214), (1.1772208909022643, 0.78367785092044), (0.1967715199909122, 0.9804493709113521)
1: (0.0, 0.0), (-0.9466647383871488, 0.32222022452724935), (-1.2688849629143983, -0.6244445138598995), (-0.322220224527249, -0.9466647383871489)
1: (0.0, 0.0), (0.2988782291586292, 0.5407511657145537), (-0.24187293655592454, 0.8396293948731829), (-0.5407511657145537, 0.2988782291586292)
1: (0.0, 0.0), (-0.9985970436444487, 0.052952284413112484), (-1.0515493280575612, -0.9456447592313362), (-0.05295228441311299, -0.9985970436444486)
1: (0.0, 0.0), (-0.9723768571553072, 0.23341646828955182), (-1.2057933254448592, -0.7389603888657553), (-0.23341646828955145, -0.9723768571553073)
1: (0.0, 0.0), (-0.22976773797207492, -0.5735388440845508), (0.34377110611247663, -0.8033065820566255), (0.5735388440845508, -0.22976773797207498)
1: (0.0, 0.0), (-0.8510516375777031, -0.5250820032874007), (-0.3259696342903019, -1.376133640865104), (0.5250820032874003, -0.8510516375777034)
1: (0.0, 0.0), (-0.13638191441049993, 0.6026109794124016), (-0.7389928938229016, 0.46622906500190164), (-0.6026109794124016, -0.1363819144104999)
1: (0.0, 0.0), (0.9429570772032465, -0.3329143291483721), (1.2758714063516183, 0.6100427480548751), (0.3329143291483715, 0.9429570772032467)
1: (0.0, 0.0), (-0.5934910815873399, 0.804840565625447), (-1.398331647212787, 0.21134948403810722), (-0.804840565625447, -0.5934910815873398)
1: (0.0, 0.0), (-0.7252051411498488, -0.688532862868453), (-0.03667227828139641, -1.4137380040183019), (0.6885328628684533, -0.7252051411498485)
1: (0.0, 0.0), (0.5273320232417694, 1.0561286590669396), (-0.52879663582517, 1.583460682308709), (-1.0561286590669396, 0.5273320232417695)
1: (0.0, 0.0), (0.6414430356921965, -0.29757491823401255), (0.939017953926209, 0.34386811745818413), (0.29757491823401244, 0.6414430356921966)
1: (0.0, 0.0), (0.29790421796393113, -0.954595766237887), (1.252499984201818, -0.6566915482739559), (0.9545957662378869, 0.2979042179639315)
1: (0.0, 0.0), (0.4383778198818043, -0.5548196887599397), (0.9931975086417439, -0.11644186887813548), (0.5548196887599397, 0.4383778198818044)
1: (0.0, 0.0), (0.9500241224250741, -0.312176499452582), (1.2622006218776562, 0.637847622972492), (0.3121764994525821, 0.9500241224250741)
1: (0.0, 0.0), (-0.8850098690388697, -0.465572262601417), (-0.4194376064374533, -1.3505821316402866), (0.4655722626014174, -0.8850098690388695)
1: (0.0, 0.0), (-0.9567954808914305, -0.29076177146546656), (-0.6660337094259646, -1.247557252356897), (0.2907617714654669, -0.9567954808914304)
1: (0.0, 0.0), (-0.9978976076803301, -0.06481021976412314), (-0.9330873879162072, -1.0627078274444532), (0.06481021976412309, -0.9978976076803301)
1: (0.0, 0.0), (-0.07877811871576682, 0.9968921747168068), (-1.0756702934325737, 0.9181140560010401), (-0.9968921747168068, -0.07877811871576676)
1: (0.0, 0.0), (0.9787435145478435, -0.20508810967614688), (1.18383162422399, 0.7736554048716975), (0.20508810967614627, 0.9787435145478436)
1: (0.0, 0.0), (-0.512438023981294, 1.0634350374220969), (-1.5758730614033907, 0.5509970134408029), (-1.0634350374220969, -0.512438023981294)
3: (0.0, 0.0), (-2.679290208759025, -1.3495940045984272), (-2.2294255405595496, -2.2426907408514354), (0.4498646681994756, -0.8930967362530084)
2: (0.0, 0.0), (0.3105533656909839, 0.6352610542588002), (1.7292749956156594, 1.1223225871105245), (2.36453604987446, 0.8117692214195404), (2.039828361306643, 1.7575836413693249), (-0.3247076885678161, 0.9458144199497839)
1: (0.0, 0.0), (-0.3840021752735117, 0.4840272187303706), (-0.8680293940038822, 0.10002504345685888), (-0.48402721873037063, -0.3840021752735117)
1: (0.0, 0.0), (-0.9927215979177642, 0.12043184391015942), (-1.1131534418279236, -0.8722897540076049), (-0.12043184391015947, -0.9927215979177642)
1: (0.0, 0.0), (-0.9784464073584074, -0.2065009150764849), (-0.771945492281923, -1.1849473224348919), (0.20650091507648527, -0.9784464073584073)
1: (0.0, 0.0), (-0.23654103552964292, 0.9716214996131797), (-1.2081625351428227, 0.7350804640835368), (-0.9716214996131798, -0.23654103552964284)
1: (0.0, 0.0), (0.24197728837524138, -0.568495392239209), (0.8104726806144504, -0.3265181038639677), (0.568495392239209, 0.24197728837524157)
1: (0.0, 0.0), (0.35912288413309024, -0.9332902839373884), (1.2924131680704787, -0.5741673998042982), (0.9332902839373883, 0.3591228841330904)
1: (0.0, 0.0), (-0.09599081713172321, 0.7005610344762149), (0.8108645088850139, 1.8953888118881217), (1.5114255433612276, 1.991379629019845), (0.7148736917532907, 2.595949846364336), (-0.7965518516079376, 0.6045702173444919)
1: (0.0, 0.0), (0.016558663133005663, -0.617629200865612), (0.6341878639986177, -0.6010705377326063), (0.617629200865612, 0.016558663133005913)
1: (0.0, 0.0), (0.8691381888462865, -0.49456931636424534), (1.3637075052105316, 0.3745688724820419), (0.4945693163642448, 0.8691381888462867)
1: (0.0, 0.0), (-0.9664655144235154, 0.2567964357815153), (-1.2232619502050306, -0.709669078642), (-0.2567964357815149, -0.9664655144235155)
1: (0.0, 0.0), (-0.9999893237277421, -0.00462086902358944), (-0.9953684547041527, -1.0046101927513316), (0.004620869023589378, -0.9999893237277421)
1: (0.0, 0.0), (-0.37086573081427826, -0.4941645766283113), (0.12329884581403296, -0.8650303074425896), (0.4941645766283112, -0.3708657308142783)
1: (0.0, 0.0), (0.18123233266955638, 0.6834872651301935), (1.4783117293691808, 1.4368696638211491), (2.161798994499373, 1.2556373311515934), (1.6595440620387372, 2.120356928951342), (-0.5022549324606367, 0.8647195977997499)
1: (0.0, 0.0), (-0.8104739357919524, 0.5857747002064039), (-1.3962486359983564, -0.22469923558554838), (-0.585774700206404, -0.8104739357919523)
1: (0.0, 0.0), (-0.9895486146334088, -0.14419965075235588), (-0.8453489638810534, -1.1337482653857642), (0.14419965075235627, -0.9895486146334087)
1: (0.0, 0.0), (-0.5577948259494659, 0.2657159220495675), (-0.8235107479990335, -0.29207890389989843), (-0.2657159220495678, -0.5577948259494658)
1: (0.0, 0.0), (0.9328910980092381, 0.3601585751514436), (0.5727325228577945, 1.293049673160682), (-0.36015857515144356, 0.9328910980092382)
1: (0.0, 0.0), (0.8998139713179362, -0.4362737867681765), (1.3360877580861126, 0.46354018454976026), (0.43627378676817613, 0.8998139713179364)
1: (0.0, 0.0), (0.4935932006303427, -0.3716258486409968), (0.8652190492713394, 0.12196735198934618), (0.3716258486409967, 0.49359320063034284)
1: (0.0, 0.0), (-0.5032553414448413, 0.864137755978314), (-1.3673930974231554, 0.36088241453347275), (-0.8641377559783141, -0.5032553414448413)
1: (0.0, 0.0), (-0.8087842807093789, 0.588105421907852), (-1.3968897026172309, -0.22067885880152688), (-0.5881054219078521, -0.8087842807093789)
1: (0.0, 0.0), (0.659823049154718, 0.7514210163444796), (-0.09159796718976146, 1.4112440654991976), (-0.7514210163444794, 0.6598230491547181)
1: (0.0, 0.0), (0.6117859499201289, 0.08635954241988682), (0.5254264075002422, 0.6981454923400157), (-0.08635954241988678, 0.6117859499201289)
1: (0.0, 0.0), (-0.626458235701481, -0.32794828696272793), (-0.29850994873875347, -0.9544065226642088), (0.32794828696272815, -0.6264582357014808)
1: (0.0, 0.0), (0.6677942607893715, -0.7443459043057715), (1.4121401650951433, -0.07655164351639998), (0.7443459043057713, 0.6677942607893719)
1: (0.0, 0.0), (-0.993946102544632, 0.1098687636971303), (-1.1038148662417624, -0.8840773388475018), (-0.1098687636971308, -0.993946102544632)
1: (0.0, 0.0), (-0.5809952258491794, 0.40304410123516404), (-0.9840393270843433, -0.17795112461401533), (-0.40304410123516377, -0.5809952258491795)
1: (0.0, 0.0), (-0.9881368863338593, 0.153575694256694), (-1.1417125805905535, -0.8345611920771653), (-0.1535756942566941, -0.9881368863338593)
1: (0.0, 0.0), (0.3452326739891036, -0.9385171286717858), (1.283749802660889, -0.5932844546826834), (0.9385171286717858, 0.34523267398910334)
1: (0.0, 0.0), (-0.9980908824533272, -0.06176237012565605), (-0.9363285123276713, -1.0598532525789832), (0.061762370125655545, -0.9980908824533272)
1: (0.0, 0.0), (-0.6568202721972417, -0.7540471669801175), (0.09722689478287519, -1.4108674391773595), (0.7540471669801179, -0.6568202721972414)
1: (0.0, 0.0), (-0.7775584165041269, -0.6288107099307348), (-0.14874770657339148, -1.406369126434862), (0.6288107099307344, -0.7775584165041272)
1: (0.0, 0.0), (0.46520245986528125, -0.8852043105042425), (1.3504067703695244, -0.4200018506389601), (0.8852043105042422, 0.4652024598652818)
1: (0.0, 0.0), (0.9535750914036535, -0.30115535036673996), (1.254730441770393, 0.6524197410369144), (0.30115535036673935, 0.9535750914036537)
1: (0.0, 0.0), (-0.3283857599409651, 0.9445436954784013), (-1.2729294554193664, 0.6161579355374363), (-0.9445436954784013, -0.328385759940965)
1: (0.0, 0.0), (-0.9900723394590119, 0.14055875155307587), (-1.1306310910120878, -0.849513587905936), (-0.14055875155307548, -0.9900723394590119)
1: (0.0, 0.0), (-0.5567152281305192, -0.8307034096279995), (0.27398818149748144, -1.3874186377585185), (0.8307034096279995, -0.5567152281305193)
1: (0.0, 0.0), (-0.9895149221905846, -0.14443067112688135), (-0.8450842510637033, -1.133945593317466), (0.1444306711268813, -0.9895149221905846)
1: (0.0, 0.0), (0.3991081938943705, -0.5837059615648732), (0.9828141554592438, -0.1845977676705028), (0.5837059615648731, 0.39910819389437074)
1: (0.0, 0.0), (-0.9996880204768356, 0.024977223927130678), (-1.0246652444039663, -0.9747107965497049), (-0.024977223927130296, -0.9996880204768356)
1: (0.0, 0.0), (-0.9874455662351085, -0.1579596585290874), (-0.8294859077060217, -1.1454052247641957), (0.15795965852908778, -0.9874455662351085)
3: (0.0, 0.0), (2.478590720015405, 1.6901443851498357), (1.9152092582987938, 2.5163412918216372), (-0.5633814617166117, 0.8261969066718018)
1: (0.0, 0.0), (-0.9563244008468718, 0.29230744148049287), (-1.2486318423273646, -0.6640169593663788), (-0.2923074414804929, -0.9563244008468718)
1: (0.0, 0.0), (-0.17801400691673136, 0.9840279535366107), (-1.162041960453342, 0.8060139466198794), (-0.9840279535366107, -0.1780140069167313)
1: (0.0, 0.0), (0.7781770949183682, -0.6280449099741269), (1.406222004892495, 0.1501321849442413), (0.6280449099741269, 0.7781770949183681)
1: (0.0, 0.0), (-0.812790169255496, 0.5825565558481186), (-1.3953467251036147, -0.23023361340737736), (-0.5825565558481183, -0.8127901692554962)
1: (0.0, 0.0), (-0.9825684810731714, 0.18590099516022163), (-1.1684694762333931, -0.7966674859129498), (-0.18590099516022168, -0.9825684810731714)
1: (0.0, 0.0), (0.9466337544228006, -0.32231123931286165), (1.2689449937356625, 0.6243225151099392), (0.3223112393128615, 0.9466337544228007)
3: (0.0, 0.0), (-2.903817998828195, -0.7535522740204682), (-2.652633907488039, -1.7214916069631996), (0.251184091340156, -0.9679393329427316)
1: (0.0, 0.0), (0.4574066174416515, -0.8892576602540946), (1.3466642776957463, -0.4318510428124432), (0.8892576602540946, 0.45740661744165145)
1: (0.0, 0.0), (0.04524036311357838, -0.9989761306184205), (1.0442164937319989, -0.9537357675048421), (0.9989761306184205, 0.045240363113578784)
1: (0.0, 0.0), (-0.47910303908742174, -0.3901285647371175), (-0.08897447435030469, -0.8692316038245392), (0.3901285647371177, -0.4791030390874216)
1: (0.0, 0.0), (-0.35036601139126566, 0.9366128645613274), (-1.2869788759525933, 0.5862468531700619), (-0.9366128645613274, -0.3503660113912656)
1: (0.0, 0.0), (0.9653747713726982, -0.2608669216230964), (1.2262416929957942, 0.7045078497496026), (0.26086692162309577, 0.9653747713726983)
1: (0.0, 0.0), (0.4201617150829683, 0.4529946492677209), (-0.03283293418475256, 0.8731563643506891), (-0.4529946492677208, 0.4201617150829683)
1: (0.0, 0.0), (-0.4113961283199072, 0.9114566504246872), (-1.3228527787445945, 0.5000605221047801), (-0.9114566504246873, -0.41139612831990713)
1: (0.0, 0.0), (0.9398978946866944, -0.3414556304463575), (1.281353525133052, 0.5984422642403374), (0.3414556304463572, 0.9398978946866946)
1: (0.0, 0.0), (0.3176056538922843, 0.5299685535032257), (-0.21236289961094137, 0.8475742073955099), (-0.5299685535032256, 0.31760565389228435)
1: (0.0, 0.0), (-0.9520914864119046, -0.30581334421828316), (-0.6462781421936215, -1.2579048306301879), (0.3058133442182831, -0.9520914864119046)
1: (0.0, 0.0), (-0.7056002359989886, 0.04613357733984661), (-0.7517338133388352, -0.659466658659142), (-0.046133577339846965, -0.7056002359989886)
2: (0.0, 0.0), (0.46446257613272623, -0.5331740010279494), (0.36139543878989167, -2.029628866768962), (-0.1717785622380577, -2.4940914429016883), (0.8258580149226177, -2.5628028677969112), (0.9976365771606753, -0.06871142489522315)
1: (0.0, 0.0), (-0.004368842129772642, -0.999990456563684), (0.9956216144339105, -1.0043592986934577), (0.999990456563684, -0.0043688421297727025)
1: (0.0, 0.0), (-0.6863288667643076, 0.1701548901619386), (-0.8564837569262461, -0.516173976602369), (-0.17015489016193863, -0.6863288667643076)
2: (0.0, 0.0), (-0.41122158900401823, -0.5752363033893204), (-1.890908427594026, -0.8212583749672739), (-2.4661447309833466, -0.4100367859632556), (-2.3021300165980443, -1.3964946783565941), (0.16401471438530218, -0.9864578923933387)
1: (0.0, 0.0), (-0.5586990220391224, 0.8293704858340019), (-1.3880695078731244, 0.27067146379487955), (-0.8293704858340019, -0.5586990220391224)
1: (0.0, 0.0), (0.7502576361051969, -0.6611455811437008), (1.4114032172488977, 0.08911205496149655), (0.6611455811437006, 0.7502576361051971)
1: (0.0, 0.0), (0.9169380421587385, 0.39902960647312813), (0.5179084356856104, 1.3159676486318668), (-0.3990296064731281, 0.9169380421587385)
1: (0.0, 0.0), (-0.9999106271652409, -0.013369281282646202), (-0.9865413458825949, -1.0132799084478872), (0.013369281282645697, -0.9999106271652409)
1: (0.0, 0.0), (0.2187154014191453, -0.9757886928951689), (1.1945040943143144, -0.7570732914760236), (0.9757886928951689, 0.21871540141914528)
1: (0.0, 0.0), (0.5341867623111363, 0.31045856737766514), (0.22372819493347124, 0.8446453296888015), (-0.31045856737766514, 0.5341867623111364)
1: (0.0, 0.0), (-0.5855311686481736, -0.810649893937885), (0.2251187252897114, -1.3961810625860585), (0.8106498939378849, -0.5855311686481736)
1: (0.0, 0.0), (0.151092468480024, 0.6907756987391878), (-0.5396832302591636, 0.8418681672192116), (-0.6907756987391878, 0.15109246848002403)
1: (0.0, 0.0), (-1.1722573139681793, -0.13892298977094786), (-1.033334324197231, -1.3111803037391276), (0.13892298977094727, -1.1722573139681796)
1: (0.0, 0.0), (-0.663948465766857, 0.24325384849131737), (-0.9072023142581743, -0.42069461727553953), (-0.24325384849131773, -0.6639484657668568)
3: (0.0, 0.0), (0.006600644686621563, -2.999992738572832), (1.0065982242108988, -2.9977925236772918), (0.9999975795242774, 0.0022002148955407048)
1: (0.0, 0.0), (-0.5252989886280939, 0.32527064366915837), (-0.8505696322972521, -0.20002834495893548), (-0.32527064366915837, -0.5252989886280938)
1: (0.0, 0.0), (0.9978069093594377, -0.06619193028282933), (1.0639988396422668, 0.9316149790766087), (0.06619193028282892, 0.9978069093594377)
1: (0.0, 0.0), (-0.5796033626757416, -0.8148987311163104), (0.23529536844056986, -1.3945020937920518), (0.8148987311163103, -0.5796033626757418)
1: (0.0, 0.0), (0.7806653903809614, -0.6249492365475304), (1.4056146269284917, 0.15571615383343154), (0.6249492365475302, 0.7806653903809616)
1: (0.0, 0.0), (-0.755237838237609, -0.655450843079924), (-0.09978699515768569, -1.410688681317533), (0.6554508430799243, -0.7552378382376088)
2: (0.0, 0.0), (-0.6585702068067821, -0.25745928358960457), (-2.032614442401362, 0.34420710123616066), (-2.290073725990967, 1.0027773080429427), (-2.691184649208144, 0.08674781764655592), (-0.4011109232171775, -0.9160294903963865)
3: (0.0, 0.0), (-2.9100171486333646, 0.7292463196065795), (-3.1530992551688914, -0.24075939660454188), (-0.24308210653552656, -0.9700057162111215)
1: (0.0, 0.0), (0.7809631616948751, -0.6245770889774491), (1.4055402506723242, 0.15638607271742647), (0.6245770889774489, 0.7809631616948752)
1: (0.0, 0.0), (0.8295930226882513, -0.5583685312649439), (1.387961553953195, 0.271224491423308), (0.5583685312649436, 0.8295930226882515)
3: (0.0, 0.0), (0.5516997368649216, 2.9488349225318085), (-0.43124523731234776, 3.132734834820116), (-0.9829449741772694, 0.18389991228830724)
1: (0.0, 0.0), (-0.8472712646852708, -0.5311604315445775), (-0.31611083314069394, -1.3784316962298482), (0.5311604315445778, -0.8472712646852706)
3: (0.0, 0.0), (2.2183860438058867, 2.0195948506191206), (1.5451877602661794, 2.759056865221083), (-0.6731982835397069, 0.739462014601962)
1: (0.0, 0.0), (0.998296518089784, 0.058344339655303626), (0.9399521784344805, 1.0566408577450879), (-0.05834433965530357, 0.998296518089784)
1: (0.0, 0.0), (0.22577116884905934, -0.6700950524489265), (0.8958662212979858, -0.4443238835998672), (0.6700950524489264, 0.22577116884905962)
3: (0.0, 0.0), (2.4360473347658953, 1.750906446038731), (1.8524118527529851, 2.562922224294029), (-0.5836354820129102, 0.8120157782552985)
1: (0.0, 0.0), (0.8011104113707972, -0.5985165902406651), (1.3996270016114623, 0.2025938211301326), (0.5985165902406648, 0.8011104113707973)
1: (0.0, 0.0), (-0.9727876542028862, -0.23169846747539372), (-0.741089186727493, -1.2044861216782796), (0.23169846747539408, -0.972787654202886)
1: (0.0, 0.0), (-0.941320524930439, 0.33751395429623754), (-1.2788344792266766, -0.6038065706342015), (-0.3375139542962376, -0.941320524930439)
1: (0.0, 0.0), (-0.4518254941504038, 0.4214187251681993), (-0.8732442193186031, -0.030406768982204485), (-0.4214187251681993, -0.4518254941504038)
2: (0.0, 0.0), (0.052069987343026036, -0.7051870081177738), (-0.9276055438190954, -1.8410725013089735), (-1.6327925519368676, -1.893142488652001), (-0.8755355564760671, -2.546259509426748), (0.7572569954608004, -0.6531170207747471)
1: (0.0, 0.0), (-0.32198504554470747, 0.9467447546438125), (-1.26872980018852, 0.624759709099105), (-0.9467447546438125, -0.3219850455447074)
1: (0.0, 0.0), (0.3513933146911458, -0.9362279307894896), (1.2876212454806355, -0.5848346160983439), (0.9362279307894895, 0.3513933146911462)
1: (0.0, 0.0), (-0.7668205810673202, -0.6418615087786285), (-0.1249590722886918, -1.4086820898459487), (0.6418615087786285, -0.7668205810673203)
1: (0.0, 0.0), (-0.7662837783736935, 0.6425022731487696), (-1.4087860515224633, -0.1237815052249239), (-0.64250227314877, -0.7662837783736932)
1: (0.0, 0.0), (0.20060035391821085, 0.6780556747110729), (-0.47745532079286207, 0.8786560286292837), (-0.6780556747110729, 0.20060035391821088)
1: (0.0, 0.0), (-0.9255999821640422, 0.37850320080274724), (-1.3041031829667895, -0.5470967813612949), (-0.3785032008027473, -0.9255999821640422)
1: (0.0, 0.0), (-0.9233314308255336, 0.3840039958772212), (-1.3073354267027548, -0.5393274349483124), (-0.38400399587722167, -0.9233314308255334)
1: (0.0, 0.0), (0.5689411480699798, -0.24092735236884208), (0.8098685004388217, 0.3280137957011377), (0.24092735236884208, 0.5689411480699798)
1: (0.0, 0.0), (0.5342669055343937, -0.3103206289265186), (0.8445875344609122, 0.2239462766078756), (0.31032062892651824, 0.5342669055343939)
1: (0.0, 0.0), (-0.9680270217281904, -0.25084593918189996), (-0.7171810825462912, -1.2188729609100901), (0.2508459391819003, -0.9680270217281903)
1: (0.0, 0.0), (0.8095300942434484, -0.587078381916924), (1.3966084761603725, 0.22245171232652472), (0.5870783819169239, 0.8095300942434485)
1: (0.0, 0.0), (0.5552355613287316, -0.43785096943591245), (0.993086530764644, 0.11738459189281934), (0.4378509694359124, 0.5552355613287316)
1: (0.0, 0.0), (0.684375006997124, -0.17785063901399575), (0.8622256460111196, 0.5065243679831282), (0.17785063901399578, 0.684375006997124)
3: (0.0, 0.0), (-2.4066886945715744, -1.7910470477967264), (-1.8096730119726647, -2.593276612653919), (0.5970156825989091, -0.8022295648571913)
3: (0.0, 0.0), (2.911170991040952, 0.7246264285282755), (2.6696288481981933, 1.6950167588752592), (-0.2415421428427584, 0.9703903303469839)
1: (0.0, 0.0), (-0.9940989079636846, -0.10847746856103166), (-0.8856214394026526, -1.1025763765247167), (0.10847746856103116, -0.9940989079636847)
1: (0.0, 0.0), (0.930199821102905, -0.36705352854879847), (1.2972533496517034, 0.5631462925541071), (0.3670535285487981, 0.9301998211029051)
1: (0.0, 0.0), (-0.7701177093170263, -0.6379018057634702), (-0.13221590355355547, -1.4080195150804966), (0.6379018057634699, -0.7701177093170266)
1: (0.0, 0.0), (0.21200724619556, 0.9772680940052096), (-0.7652608478096495, 1.1892753402007696), (-0.9772680940052096, 0.21200724619556008)
1: (0.0, 0.0), (-0.9048699680806974, -0.42568807930882635), (-0.4791818887718705, -1.330558047389524), (0.4256880793088259, -0.9048699680806976)
1: (0.0, 0.0), (0.8840669990382012, -0.46736018359675136), (1.3514271826349524, 0.4167068154414507), (0.4673601835967508, 0.8840669990382015)
1: (0.0, 0.0), (0.9516350284026353, -0.30723081342390707), (1.2588658418265424, 0.6444042149787282), (0.30723081342390707, 0.9516350284026353)
1: (0.0, 0.0), (0.8735963290989804, -0.4866512650602953), (1.3602475941592755, 0.38694506403868606), (0.48665126506029477, 0.8735963290989808)
1: (0.0, 0.0), (0.12336655125540491, -0.9923611711626708), (1.1157277224180757, -0.868994619907266), (0.9923611711626708, 0.12336655125540531)
1: (0.0, 0.0), (-0.7757059878842643, -0.6310944623117032), (-0.1446115255725618, -1.4068004501959674), (0.6310944623117034, -0.775705987884264)
1: (0.0, 0.0), (-0.854015694894396, -0.5202472420628887), (-0.3337684528315067, -1.374262936957285), (0.5202472420628883, -0.8540156948943962)
1: (0.0, 0.0), (-0.9534477760690522, 0.3015581839529124), (-1.2550059600219647, -0.6518895921161398), (-0.3015581839529129, -0.953447776069052)
3: (0.0, 0.0), (-1.6521131054991303, 2.504101093533969), (-2.4868134700104534, 1.9533967250342592), (-0.834700364511323, -0.55070436849971)
1: (0.0, 0.0), (0.8629792310244077, -0.5052393955547431), (1.3682186265791507, 0.35773983546966476), (0.5052393955547428, 0.8629792310244078)
