(0.0, 0.0), (0.4310291556680358, 0.9023380003990191), (2.235705156466074, 0.040279689062947654), (1.3736468451300021, -1.7643963117350911), (2.2759848455290212, -2.195425467403127), (3.138043156865093, -0.3907494666050892), (4.040381157264112, -0.8217786222731246), (1.4542062232558948, -6.235806624667239), (2.3565442236549154, -6.6668357803352745), (2.7875733793229522, -5.764497779936256), (4.5922493801209905, -6.626556091272326), (5.023278535789025, -5.7242180908733085), (3.2186025349909877, -4.862159779537237), (3.6496316906590227, -3.9598217791382178), (5.4543076914570605, -4.82188009047429), (5.885336847125097, -3.9195420900752715), (4.08066084632706, -3.0574837787391975), (4.94271915766313, -1.2528077779411624), (5.84505715806215, -1.6838369336091965), (6.276086313730186, -0.7814989332101784), (5.373748313331167, -0.35046977754214187), (6.6668357803352745, 2.356544223654917), (5.764497779936255, 2.7875733793229536), (4.471410312932148, 0.08055937812589531), (3.5690723125331285, 0.5115885337939319), (7.879363869213487, 9.53496853778412), (6.07468786841545, 10.397026849120193), (1.764396311735091, 1.3736468451300023), (0.8620583113360716, 1.8046760007980382), (1.2930874670041073, 2.7070140011970576), (0.3907494666050886, 3.138043156865093), (1.6838369336091954, 5.845057158062151), (0.7814989332101772, 6.276086313730186), (0.3504697775421408, 5.373748313331167), (-1.4542062232558957, 6.235806624667239), (-1.8852353789239331, 5.33346862426822), (-0.08055937812589503, 4.471410312932148), (-0.5115885337939317, 3.5690723125331285), (-1.4139265341929497, 4.000101468201165), (-1.8449556898609845, 3.0977634678021464), (-4.5519696910580425, 4.390850934806254), (-4.982998846726078, 3.4885129344072348), (-4.08066084632706, 3.057483778739197), (-4.511690001995095, 2.155145778340179), (-6.316366002793133, 3.017204089676251), (-6.7473951584611696, 2.1148660892772315), (-4.942719157663131, 1.2528077779411595), (-5.804777468999203, -0.5518682228568772), (-4.902439468600184, -0.982897378524913), (-4.471410312932148, -0.08055937812589475), (-2.66673431213411, -0.9426176894619664), (-3.9598217791382178, -3.649631690659023), (-3.057483778739197, -4.08066084632706), (-2.626454623071163, -3.17832284592804), (-0.8217786222731244, -4.040381157264112), (-0.390749466605089, -3.138043156865093), (-2.195425467403127, -2.2759848455290212), (-1.7643963117350911, -1.3736468451300021), (-0.8620583113360718, -1.804676000798038), (-0.4310291556680359, -0.902338000399019), (-4.040381157264112, 0.8217786222731241), (-3.17832284592804, 2.626454623071163), (-2.2759848455290212, 2.195425467403127), (-2.707014001197057, 1.2930874670041075)
(3.8617197449412517, 1.7570203788035226), (5.859300611472114, 7.414729339298912), (4.916349118056216, 7.747659483720723), (2.9187682515253535, 2.0899505232253324)
(-1.940748161480432, 2.057546250685588), (-0.7802875810069578, 0.42864132983625675), (0.8486173398423739, 1.589101910309731), (-0.3118432406311006, 3.2180068311590624)
(5.607741539193378, 8.158016599002794), (6.72946893034603, 7.60644823520927), (7.281037294139554, 8.728175626361923), (6.1593099029869, 9.279743990155445)
(2.189675163849708, 1.7903414972623954), (1.4370717969832603, 0.7922993277218053), (2.435113966523849, 0.03969596085535776), (3.1877173333902977, 1.0377381303959479)
(4.272928753087029, -3.707031139745407), (3.926420925683261, -2.768984059078386), (2.9883738450162403, -3.115491886482153), (3.3348816724200074, -4.053538967149175)
(4.085509781262862, -1.14394485321867), (5.085473016526253, -1.152519707244993), (5.094047870552577, -0.15255647198160327), (4.094084635289185, -0.14398161795527908)
(-2.740358082617143, -3.238894499522159), (-1.931632942277874, -2.650707754191027), (-2.5198196876090058, -1.8419826138517577), (-3.3285448279482743, -2.4301693591828895)
(0.009388346162589656, 4.242630299584956), (0.9865735049065794, 4.4550194837033645), (0.7741843207881716, 5.4322046424473545), (-0.20300083795581836, 5.219815458328946)
(-2.7558723452378038, -0.6365277816038246), (-2.390008754983214, -1.5671962689429098), (-1.4593402676441287, -1.2013326786883203), (-1.8252038578987184, -0.27066419134923503)
(5.611302411428545, 0.7164392838867792), (6.103843078773368, 1.2820395765065027), (5.538242786153644, 1.7745802438513252), (5.045702118808821, 1.208979951231602)
(2.7010483567996575, -4.970345840505455), (1.9849068550034104, -5.193149227833869), (2.207710242331825, -5.909290729630116), (2.9238517441280725, -5.686487342301701)
(-5.379213925948051, 1.7504449545434313), (-4.773625963960474, 1.3079935783496932), (-4.331174587766736, 1.9135815403372702), (-4.936762549754313, 2.3560329165310083)
(2.6339302176588597, -1.0307335293389612), (2.9818610195979938, -0.36632088868408075), (2.3174483789431135, -0.01839008674494702), (1.9695175770039792, -0.6828027273998276)
(1.2508566957869456, 0.6598162824642664), (1.6157746432022875, 1.3150527982768192), (0.9605381273897347, 1.6799707456921609), (0.5956201799743928, 1.0247342298796083)
(-4.242188400740064, 0.06194814465707177), (-3.987125521477986, 0.7672444849442861), (-4.6924218617652, 1.0223073642063645), (-4.947484741027279, 0.31701102391915015)
(-3.466250618666103, 2.4464477612646585), (-2.752506110246531, 3.1468539125089943), (-3.452912261490867, 3.8605984209285658), (-4.166656769910439, 3.1601922696842304)
(2.5178698877358707, -1.2885384078221933), (1.8037048855519762, -1.0594787002006263), (1.5746451779304094, -1.7736437023845206), (2.2888101801143037, -2.002703410006088)
(2.8273969267682277, 0.07633229003232667), (3.417213081803526, -0.38693534671707663), (3.8804807185529295, 0.20288080831822075), (3.2906645635176313, 0.6661484450676247)
(-2.8281256004933764, 0.041298763104714364), (-3.503872757833687, 0.36666898200387776), (-3.82924297673285, -0.3090781753364338), (-3.15349581939254, -0.6344483942355963)
(2.98658214474043, -4.804198902285131), (3.4304874124914604, -4.199675856187725), (2.8259643663940555, -3.755770588436694), (2.382059098643025, -4.3602936345340995)
(-0.5522864464534298, 5.6298294539944855), (-1.1943270077005566, 6.017494151527641), (-1.581991705233714, 5.3754535902805145), (-0.9399511439865869, 4.987788892747358)
(-1.3505241783998287, 2.4851729202527273), (-0.7644355325936821, 2.953147384574358), (-1.232409996915314, 3.539236030380505), (-1.81849864272146, 3.0712615660588733)
(-2.5884609484708303, 3.3615279142439807), (-3.0123466041657507, 2.742802651388093), (-2.393621341309863, 2.318916995693173), (-1.969735685614943, 2.9376422585490607)
(-5.6362394980887185, -0.4824980001871899), (-4.9166010478453845, -0.6937336527919831), (-4.705365395240591, 0.02590479745135088), (-5.425003845483925, 0.2371404500561436)
(5.6362394980887185, 0.4824980001871899), (4.940837366751468, 0.7634176964201331), (4.659917670518524, 0.0680155650828822), (5.355319801855774, -0.21290413115006102)
(4.423374122274077, -3.5261539067936383), (4.365235473427575, -4.273897109711795), (5.112978676345731, -4.332035758558297), (5.171117325192234, -3.5842925556401406)
(4.314101580784717, -5.602546523739969), (3.620660702309758, -5.316819822047815), (3.334934000617605, -6.010260700522776), (4.028374879092564, -6.295987402214928)
(4.034410444461038, -1.3128337159075734), (3.707397745762213, -1.98778756239614), (4.382351592250779, -2.314800261094965), (4.709364290949605, -1.6398464146063985)
(-2.872663463519971, -3.122147438119706), (-3.603360717806806, -2.953086731337554), (-3.772421424588957, -3.6837839856243897), (-3.041724170302122, -3.852844692406541)
#
1: (0.0, 0.0), (0.9872432534976122, 0.15921921499445177), (0.8280240385031605, 1.1464624684920641), (-0.1592192149944517, 0.9872432534976122)
1: (0.0, 0.0), (-0.7413392393386051, -0.6711304882188398), (-0.07020875111976595, -1.412469727557445), (0.6711304882188401, -0.7413392393386049)
3: (0.0, 0.0), (2.6539708937793396, -1.3987274555724185), (3.120213378970146, -0.5140704909793055), (0.4662424851908062, 0.8846569645931133)
2: (0.0, 0.0), (0.8806424990831863, -1.795680592089952), (1.7784827951281625, -1.355359342548359), (0.8978402960449758, 0.4403212495415933)
4: (0.0, 0.0), (1.6699470125786262, -1.1005802902013653), (2.7705273027799917, 0.5693667223772623), (1.1005802902013646, 1.6699470125786267)
1: (0.0, 0.0), (-0.75100464940611, -0.6602969154633435), (-0.09070773394276603, -1.4113015648694536), (0.660296915463343, -0.7510046494061103)
1: (0.0, 0.0), (-0.08814722393343015, -0.996107457512908), (0.9079602335794779, -1.0842546814463383), (0.996107457512908, -0.08814722393343022)
9: (0.0, 0.0), (0.6562397050261984, -2.927345119651444), (3.5835848246776423, -2.2711054146252456), (2.927345119651444, 0.6562397050261997)
3: (0.0, 0.0), (2.316165712610197, 1.9066663031922753), (1.6806102782127712, 2.6787215407290086), (-0.635555434397425, 0.7720552375367324)
1: (0.0, 0.0), (0.048468533481764615, -0.9988247099777453), (1.0472932434595101, -0.9503561764959807), (0.9988247099777453, 0.048468533481764796)
3: (0.0, 0.0), (1.748224232184128, 0.0788164576989883), (1.6694077744851397, 1.8270406898831162), (-0.0788164576989882, 1.748224232184128)
1: (0.0, 0.0), (-0.8033907222934885, 0.5954522208647364), (-1.398842943158225, -0.20793850142875211), (-0.5954522208647365, -0.8033907222934885)
20: (0.0, 0.0), (-5.180046920958493, -8.55377775586135), (-3.4692913697862258, -9.589787140053048), (1.71075555117227, -1.0360093841916986)
9: (0.0, 0.0), (-2.5177918976731277, 1.6311725721123285), (-4.148964469785456, -0.8866193255607991), (-1.6311725721123298, -2.517791897673127)
1: (0.0, 0.0), (0.7376710641469578, -0.6751602780972047), (1.4128313422441627, 0.06251078604975309), (0.6751602780972048, 0.7376710641469578)
4: (0.0, 0.0), (1.9081036836177963, -0.5992831822804617), (2.507386865898258, 1.3088205013373346), (0.5992831822804618, 1.9081036836177963)
3: (0.0, 0.0), (1.1636361391854952, -1.3070772492785094), (2.470713388464005, -0.14344111009301427), (1.3070772492785097, 1.163636139185495)
1: (0.0, 0.0), (0.9190526458909742, -0.39413479176647115), (1.3131874376574455, 0.5249178541245032), (0.39413479176647115, 0.9190526458909742)
1: (0.0, 0.0), (-0.787611401180684, 0.616172281695793), (-1.403783682876477, -0.17143911948489093), (-0.6161722816957927, -0.7876114011806842)
4: (0.0, 0.0), (1.9969236560159436, -0.11088693360318455), (2.1078105896191275, 1.8860367224127603), (0.11088693360318375, 1.9969236560159438)
2: (0.0, 0.0), (-0.6747127546360092, 1.052265507717272), (-1.7269782623532814, 0.3775527530812631), (-1.0522655077172722, -0.674712754636009)
1: (0.0, 0.0), (0.6204852691076186, -0.7842181015638737), (1.4047033706714924, -0.16373283245625528), (0.7842181015638736, 0.6204852691076187)
9: (0.0, 0.0), (2.832331266369718, -0.9888880611800859), (3.8212193275498034, 1.8434432051896315), (0.9888880611800867, 2.8323312663697178)
1: (0.0, 0.0), (0.9989333553104925, 0.046175227645582226), (0.9527581276649104, 1.045108582956075), (-0.04617522764558216, 0.9989333553104925)
1: (0.0, 0.0), (0.8403895490561836, -0.5419828464417895), (1.382372395497973, 0.29840670261439495), (0.5419828464417891, 0.8403895490561839)
4: (0.0, 0.0), (1.5943254661461022, 1.2075290091745268), (0.38679645697157544, 2.801854475320629), (-1.2075290091745265, 1.5943254661461022)
2: (0.0, 0.0), (-1.2396351821472669, -1.5694918334233894), (-0.4548892654355741, -2.1893094244970226), (0.7847459167116947, -0.6198175910736335)
6: (0.0, 0.0), (-5.9912516512578256, 0.3238883315285894), (-6.045233039845924, -0.6746536103477153), (-0.053981388588098304, -0.9985419418763043)
9: (0.0, 0.0), (-2.9989944295303315, 0.07766860141679838), (-3.0766630309471297, -2.921325828113533), (-0.07766860141679854, -2.9989944295303315)
4: (0.0, 0.0), (0.15860398681610335, -1.993701275358482), (2.1523052621745835, -1.8350972885423809), (1.993701275358482, 0.15860398681610283)
4: (0.0, 0.0), (-1.9629089740867882, -0.38339060949578857), (-1.5795183645909998, -2.346299583582577), (0.38339060949578846, -1.9629089740867882)
2: (0.0, 0.0), (1.882601158310187, 0.6751391550851884), (1.5450315807675927, 1.6164397342402823), (-0.33756957754259415, 0.9413005791550936)
1: (0.0, 0.0), (0.6278595067711997, -0.778326692178179), (1.4061861989493787, -0.15046718540697926), (0.7783266921781787, 0.6278595067712001)
2: (0.0, 0.0), (-1.1700037001405854, 0.43999016086423903), (-1.6099938610048246, -0.7300135392763464), (-0.43999016086423914, -1.1700037001405854)
6: (0.0, 0.0), (-3.6112581701879045, 4.791535706665568), (-4.409847454632166, 4.189659344967584), (-0.7985892844442615, -0.6018763616979841)
2: (0.0, 0.0), (-1.4949583492072798, 0.12288016168383302), (-1.6178385108911126, -1.3720781875234467), (-0.12288016168383377, -1.4949583492072798)
1: (0.0, 0.0), (-0.08291495420864856, 0.9965566267747045), (-1.0794715809833533, 0.913641672566056), (-0.9965566267747045, -0.0829149542086485)
9: (0.0, 0.0), (-0.760694929087717, 2.9019550694075598), (-3.6626499984952763, 2.1412601403198424), (-2.9019550694075598, -0.7606949290877167)
1: (0.0, 0.0), (0.7543117984688963, -0.6565163445723337), (1.4108281430412302, 0.0977954538965626), (0.6565163445723338, 0.7543117984688963)
1: (0.0, 0.0), (-0.7616571632378754, 0.6479802201367203), (-1.4096373833745957, -0.11367694310115507), (-0.64798022013672, -0.7616571632378757)
1: (0.0, 0.0), (0.3635131372048771, 0.9315890720051777), (-0.5680759348003006, 1.295102209210055), (-0.9315890720051777, 0.36351313720487716)
4: (0.0, 0.0), (-1.9301125943048811, -3.5035218528368968), (-1.0542321310956566, -3.9860500014131173), (0.8758804632092242, -0.48252814857622034)
3: (0.0, 0.0), (-1.5004237887401315, 0.9006822159800367), (-2.401106004720168, -0.5997415727600948), (-0.9006822159800367, -1.5004237887401315)
1: (0.0, 0.0), (0.8890888050035678, -0.4577347450405397), (1.3468235500441075, 0.4313540599630283), (0.4577347450405395, 0.8890888050035678)
2: (0.0, 0.0), (-0.7269619494849247, 1.0168708492237732), (-1.743832798708698, 0.2899088997388486), (-1.0168708492237732, -0.7269619494849247)
2: (0.0, 0.0), (-0.7904086547680195, -1.2748545636533644), (0.48444590888534483, -2.0652632184213835), (1.2748545636533644, -0.7904086547680195)
1: (0.0, 0.0), (0.8371321584824016, 0.5470006848575193), (0.2901314736248824, 1.3841328433399211), (-0.5470006848575193, 0.8371321584824016)
1: (0.0, 0.0), (0.7576947941328886, -0.6526090705345119), (1.4103038646674007, 0.10508572359837719), (0.6526090705345117, 0.7576947941328888)
2: (0.0, 0.0), (1.002484065831048, -0.7466764344445663), (1.7491605002756145, 0.2558076313864826), (0.7466764344445659, 1.0024840658310483)
9: (0.0, 0.0), (2.981541636180733, -0.33227920747575856), (3.3138208436564907, 2.6492624287049753), (0.3322792074757574, 2.981541636180733)
9: (0.0, 0.0), (-2.98446152082097, -0.30494168416105927), (-2.6795198366599102, -3.2894032049820288), (0.30494168416105905, -2.98446152082097)
1: (0.0, 0.0), (-0.9727226833509535, -0.23197107857343044), (-0.7407516047775226, -1.2046937619243843), (0.23197107857342994, -0.9727226833509536)
3: (0.0, 0.0), (-2.908106952445934, -0.7368269492463078), (-2.662497969363832, -1.7061959333949523), (0.24560898308210252, -0.9693689841486447)
1: (0.0, 0.0), (0.902339239017847, 0.4310265626718299), (0.4713126763460171, 1.333365801689677), (-0.43102656267182987, 0.902339239017847)
9: (0.0, 0.0), (2.8361908470984902, 0.9777635086434501), (1.8584273384550398, 3.8139543557419398), (-0.97776350864345, 2.8361908470984902)
2: (0.0, 0.0), (-0.12391420830107551, -1.9961576262863405), (0.8741646048420949, -2.0581147304368783), (0.9980788131431703, -0.06195710415053782)
1: (0.0, 0.0), (0.20396886332086098, -0.9789773760386886), (1.1829462393595496, -0.7750085127178278), (0.9789773760386886, 0.20396886332086114)
4: (0.0, 0.0), (-0.07872836704753744, -1.998449860322252), (1.9197214932747146, -2.0771782273697896), (1.998449860322252, -0.07872836704753756)
1: (0.0, 0.0), (0.7542560717403295, 0.6565803669337418), (0.0976757048065877, 1.4108364386740713), (-0.6565803669337418, 0.7542560717403295)
1: (0.0, 0.0), (-0.568901937769176, 0.8224053654995671), (-1.3913073032687433, 0.25350342773039125), (-0.8224053654995672, -0.568901937769176)
1: (0.0, 0.0), (0.789166600925342, -0.6141791888235404), (1.4033457897488824, 0.1749874121018024), (0.61417918882354, 0.7891666009253423)
1: (0.0, 0.0), (0.9912030246887141, -0.13235015620672466), (1.1235531808954389, 0.8588528684819895), (0.1323501562067247, 0.9912030246887141)
1: (0.0, 0.0), (-0.995638090816854, -0.09329947542494622), (-0.9023386153919079, -1.0889375662418002), (0.09329947542494617, -0.995638090816854)
1: (0.0, 0.0), (-0.9464483300953562, 0.32285532125041955), (-1.2693036513457758, -0.6235930088449366), (-0.32285532125041916, -0.9464483300953563)
1: (0.0, 0.0), (-0.5470849258403666, 0.837077107510557), (-1.3841620333509237, 0.2899921816701904), (-0.837077107510557, -0.5470849258403666)
2: (0.0, 0.0), (-1.103313652308625, 1.0162179808630638), (-2.1195316331716887, -0.08709567144556124), (-1.0162179808630638, -1.103313652308625)
1: (0.0, 0.0), (0.9945431792403137, 0.10432576204643527), (0.8902174171938784, 1.098868941286749), (-0.10432576204643522, 0.9945431792403137)
1: (0.0, 0.0), (0.9989923763009867, -0.044880197108610576), (1.0438725734095968, 0.9541121791923767), (0.04488019710861017, 0.9989923763009867)
9: (0.0, 0.0), (0.24100952942123682, -2.9903033971034034), (3.2313129265246396, -2.7492938676821663), (2.9903033971034034, 0.24100952942123738)
1: (0.0, 0.0), (-0.7401190577199631, -0.6724758585999306), (-0.06764319912003307, -1.4125949163198939), (0.672475858599931, -0.7401190577199628)
9: (0.0, 0.0), (-1.1090247928093897, -2.787483454468221), (1.6784586616588315, -3.896508247277611), (2.787483454468221, -1.10902479280939)
9: (0.0, 0.0), (-2.019327196340448, 2.218629683863403), (-4.237956880203851, 0.19930248752295554), (-2.218629683863403, -2.0193271963404475)
1: (0.0, 0.0), (-0.9928294272165715, 0.11953965221973237), (-1.112369079436304, -0.8732897749968392), (-0.11953965221973198, -0.9928294272165715)
1: (0.0, 0.0), (0.8593580219493434, -0.5113744128437713), (1.370732434793115, 0.34798360910557197), (0.5113744128437715, 0.8593580219493433)
3: (0.0, 0.0), (1.6347515210629857, 0.6245698234643227), (1.0101816975986628, 2.2593213445273084), (-0.6245698234643227, 1.6347515210629857)
2: (0.0, 0.0), (0.91807539121254, -0.8483145501816775), (1.7663899413942175, 0.06976084103086257), (0.8483145501816775, 0.91807539121254)
9: (0.0, 0.0), (-2.1071738797874997, 2.1353730916027986), (-4.242546971390299, 0.02819921181529896), (-2.1353730916027986, -2.1071738797874997)
1: (0.0, 0.0), (0.8939605773553324, -0.44814560818390353), (1.3421061855392362, 0.44581496917142877), (0.4481456081839036, 0.8939605773553324)
1: (0.0, 0.0), (-0.7036191252147562, -0.7105773192496515), (0.006958194034895267, -1.414196444464408), (0.7105773192496515, -0.7036191252147562)
2: (0.0, 0.0), (1.9937619888208282, 0.15783894301855794), (1.9148425173115493, 1.1547199374289723), (-0.07891947150927892, 0.9968809944104141)
1: (0.0, 0.0), (0.8674085950563294, -0.49759655266330444), (1.3650051477196339, 0.3698120423930253), (0.49759655266330427, 0.8674085950563295)
2: (0.0, 0.0), (-0.6492055250915314, -1.0681910813101883), (0.41898555621865513, -1.7173966064017199), (1.068191081310188, -0.6492055250915314)
4: (0.0, 0.0), (-0.9722897844057499, 1.7477564404516497), (-2.7200462248573998, 0.7754666560459), (-1.7477564404516497, -0.9722897844057496)
1: (0.0, 0.0), (0.7895492977057486, -0.6136871405629738), (1.4032364382687224, 0.17586215714277514), (0.6136871405629737, 0.7895492977057488)
1: (0.0, 0.0), (-0.4173572526132667, 0.9087424958100649), (-1.326099748423332, 0.4913852431967982), (-0.9087424958100649, -0.41735725261326667)
2: (0.0, 0.0), (1.7876094127715898, -0.8969128092353301), (2.236065817389255, -0.003108102849537161), (0.44845640461766534, 0.8938047063857948)
1: (0.0, 0.0), (0.9339070166123666, 0.35751599170133463), (0.5763910249110321, 1.2914230083137015), (-0.3575159917013346, 0.9339070166123666)
1: (0.0, 0.0), (0.8913220006199607, -0.4533708098354269), (1.3446928104553875, 0.43795119078453404), (0.4533708098354267, 0.8913220006199608)
1: (0.0, 0.0), (0.5348301918974383, -0.8449595646153426), (1.379789756512781, -0.3101293727179044), (0.8449595646153424, 0.5348301918974386)
4: (0.0, 0.0), (0.6235168758872389, -1.9003227898133037), (2.523839665700543, -1.276805913926065), (1.9003227898133037, 0.6235168758872388)
1: (0.0, 0.0), (-0.8019306967339285, -0.5974170717646392), (-0.20451362496929004, -1.3993477684985676), (0.5974170717646394, -0.8019306967339282)
2: (0.0, 0.0), (-0.7775530630103155, -1.8426641675040183), (0.14377902074169369, -2.231440699009176), (0.921332083752009, -0.3887765315051578)
1: (0.0, 0.0), (0.7211194644020684, -0.6928107375470404), (1.4139302019491087, 0.0283087268550287), (0.69281073754704, 0.7211194644020686)
1: (0.0, 0.0), (-0.9961797531552422, 0.08732639580081569), (-1.083506148956058, -0.9088533573544266), (-0.0873263958008153, -0.9961797531552422)
1: (0.0, 0.0), (-0.9998113667443129, 0.019422433649492764), (-1.0192338003938057, -0.9803889330948202), (-0.019422433649492823, -0.9998113667443129)
1: (0.0, 0.0), (0.9999956953457189, -0.0029341591695551126), (1.0029298545152736, 0.9970615361761641), (0.0029341591695547066, 0.9999956953457189)
3: (0.0, 0.0), (-2.0022807773356748, 2.234025892578697), (-2.7469560748619077, 1.566598966800139), (-0.7446752975262324, -0.6674269257785583)
9: (0.0, 0.0), (2.8817232199106946, -0.8340691121409181), (3.7157923320516115, 2.0476541077697767), (0.8340691121409176, 2.8817232199106946)
1: (0.0, 0.0), (0.8475925063921939, -0.5306476638107425), (1.3782401702029363, 0.3169448425814519), (0.5306476638107422, 0.847592506392194)
3: (0.0, 0.0), (-0.4298327950195905, 1.6963913959713561), (-2.1262241909909467, 1.2665586009517658), (-1.6963913959713561, -0.42983279501959043)
6: (0.0, 0.0), (-5.438830586344533, -2.533598597458401), (-5.0165641534348, -3.4400703618491564), (0.4222664329097334, -0.9064717643907556)
4: (0.0, 0.0), (1.9864651739258643, -0.2322845513151605), (2.218749725241025, 1.754180622610704), (0.23228455131516057, 1.9864651739258643)
3: (0.0, 0.0), (-1.080411715549569, 2.7986980053059027), (-2.013311050651536, 2.43856076678938), (-0.9328993351019675, -0.3601372385165229)
1: (0.0, 0.0), (-0.9945171555966305, 0.10457354935158081), (-1.0990907049482115, -0.8899436062450498), (-0.10457354935158043, -0.9945171555966305)
9: (0.0, 0.0), (2.0681945624778733, 2.1731477749423664), (-0.10495321246449336, 4.24134233742024), (-2.1731477749423664, 2.0681945624778733)
3: (0.0, 0.0), (0.6504023277052288, -1.6246466730078946), (2.275049000713123, -0.9742443453026656), (1.6246466730078946, 0.6504023277052288)
9: (0.0, 0.0), (2.986830211338491, 0.2807940324075027), (2.706036178930988, 3.2676242437459933), (-0.28079403240750256, 2.986830211338491)
2: (0.0, 0.0), (0.5208286668307287, 1.136326317484254), (-0.6154976506535252, 1.657154984314983), (-1.136326317484254, 0.5208286668307288)
9: (0.0, 0.0), (-2.842397884837678, -0.9595698329305138), (-1.882828051907164, -3.8019677177681914), (0.9595698329305136, -2.842397884837678)
1: (0.0, 0.0), (0.9953460578135145, -0.09636506210808929), (1.0917111199216032, 0.8989809957054259), (0.09636506210808866, 0.9953460578135145)
3: (0.0, 0.0), (-0.16823199109373133, 1.7418949443558986), (-1.9101269354496297, 1.5736629532621673), (-1.7418949443558986, -0.16823199109373121)
1: (0.0, 0.0), (0.6662465778722745, -0.7457315183586405), (1.411978096230915, -0.079484940486366), (0.7457315183586404, 0.6662465778722746)
9: (0.0, 0.0), (2.992769100619978, 0.20816606441562002), (2.7846030362043575, 3.2009351650355975), (-0.2081660644156198, 2.992769100619978)
4: (0.0, 0.0), (-1.0731795457612714, -1.6876864823063646), (0.6145069365450907, -2.7608660280676367), (1.6876864823063644, -1.0731795457612716)
2: (0.0, 0.0), (-0.12687395683710587, -1.9959716929547113), (0.8711118896402499, -2.059408671373264), (0.9979858464773557, -0.06343697841855299)
1: (0.0, 0.0), (0.5758640062173117, -0.8175455010844032), (1.393409507301715, -0.2416814948670915), (0.8175455010844029, 0.575864006217312)
4: (0.0, 0.0), (-3.9935996036499635, -0.2261906402282269), (-3.9370519435929068, -1.224590541140718), (0.05654766005705622, -0.9983999009124909)
3: (0.0, 0.0), (1.720003840810235, -0.3226248403301274), (2.0426286811403616, 1.397379000480108), (0.3226248403301271, 1.720003840810235)
3: (0.0, 0.0), (-2.4315919588770387, 1.7570886561367716), (-3.017288177589296, 0.9465580031777588), (-0.5856962187122572, -0.8105306529590128)
3: (0.0, 0.0), (0.7325100053887572, -2.9091973277874024), (1.7022424479845581, -2.6650273259911503), (0.9697324425958007, 0.2441700017962526)
9: (0.0, 0.0), (-0.2426607346249691, -2.9901698560234453), (2.7475091213984757, -3.232830590648414), (2.9901698560234453, -0.24266073462496926)
1: (0.0, 0.0), (-0.7902088487454965, 0.6128376419283635), (-1.4030464906738602, -0.17737120681713284), (-0.6128376419283637, -0.7902088487454964)
9: (0.0, 0.0), (2.9392307083283593, -0.6007685437999988), (3.5399992521283585, 2.338462164528359), (0.6007685437999997, 2.9392307083283593)
2: (0.0, 0.0), (0.696673246848942, 1.0378566312959383), (-0.3411833844469963, 1.7345298781448804), (-1.0378566312959383, 0.696673246848942)
1: (0.0, 0.0), (0.48193090631426955, -0.8762092224686446), (1.3581401287829142, -0.3942783161543752), (0.8762092224686446, 0.4819309063142695)
4: (0.0, 0.0), (3.7991003524818776, 1.2517334028346738), (3.486167001773209, 2.2015084909551437), (-0.3129333507086684, 0.9497750881204695)
9: (0.0, 0.0), (2.2617537321407446, 1.9709058970806836), (0.29084783506006107, 4.232659629221428), (-1.9709058970806832, 2.2617537321407446)
9: (0.0, 0.0), (2.20859653103782, 2.0302958806754523), (0.17830065036236778, 4.238892411713271), (-2.030295880675452, 2.20859653103782)
9: (0.0, 0.0), (2.536666604167939, -1.6016624298831181), (4.138329034051057, 0.9350041742848206), (1.601662429883119, 2.536666604167939)
3: (0.0, 0.0), (-1.7421984433506605, -0.16505933474522294), (-1.5771391086054367, -1.907257778095884), (0.16505933474522205, -1.7421984433506605)
1: (0.0, 0.0), (0.33053800384498433, -0.943792682750917), (1.2743306865959014, -0.6132546789059328), (0.9437926827509169, 0.3305380038449847)
1: (0.0, 0.0), (0.7954961800612267, -0.6059586021404403), (1.401454782201667, 0.1895375779207868), (0.6059586021404401, 0.7954961800612268)
2: (0.0, 0.0), (0.6015326199669406, -1.0957456397885907), (1.6972782597555314, -0.49421301982165017), (1.0957456397885905, 0.6015326199669409)
4: (0.0, 0.0), (-1.3322307684156216, 1.491697415592962), (-2.823928184008584, 0.15946664717734071), (-1.491697415592962, -1.3322307684156214)
1: (0.0, 0.0), (-0.8866467206829091, -0.4624473945242242), (-0.4241993261586856, -1.3490941152071332), (0.4624473945242245, -0.8866467206829088)
3: (0.0, 0.0), (1.3527606767702443, -1.1101975280931364), (2.462958204863381, 0.24256314867710863), (1.110197528093136, 1.3527606767702447)
2: (0.0, 0.0), (-1.8782806152422735, -0.6870676316092225), (-1.5347467994376625, -1.6262079392303594), (0.3435338158046112, -0.9391403076211369)
2: (0.0, 0.0), (1.328414933092991, -1.4950965739829465), (2.0759632200844647, -0.830889107436451), (0.7475482869914731, 0.6642074665464957)
4: (0.0, 0.0), (1.8100264521834535, -0.8507668554875538), (2.6607933076710073, 0.9592595966959004), (0.8507668554875535, 1.8100264521834537)
3: (0.0, 0.0), (-1.7687792573998922, 2.423101305887124), (-2.5764796926956004, 1.83350822008716), (-0.807700435295708, -0.5895930857999641)
9: (0.0, 0.0), (2.6600294376173492, -1.3871710027999895), (4.047200440417337, 1.2728584348173613), (1.3871710027999886, 2.66002943761735)
9: (0.0, 0.0), (1.841126455398559, 2.368597343414777), (-0.5274708880162177, 4.209723798813335), (-2.368597343414777, 1.8411264553985593)
4: (0.0, 0.0), (-1.5528209548331813, -1.2604551091692904), (-0.29236584566388985, -2.813276064002472), (1.2604551091692895, -1.552820954833182)
2: (0.0, 0.0), (1.8104168376388718, -0.8499358058075134), (2.235384740542629, 0.05527261301192312), (0.4249679029037565, 0.9052084188194359)
2: (0.0, 0.0), (0.6641050689589332, 1.0589921894816083), (-0.39488712052267516, 1.7230972584405415), (-1.0589921894816083, 0.6641050689589333)
3: (0.0, 0.0), (1.7416883242610837, 0.17035780326306832), (1.5713305209980155, 1.9120461275241518), (-0.1703578032630682, 1.7416883242610837)
2: (0.0, 0.0), (-0.8705319961057757, -0.8970362555415995), (0.026504259435824486, -1.7675682516473752), (0.8970362555415989, -0.8705319961057761)
3: (0.0, 0.0), (-1.725061540958417, -0.29438525762369994), (-1.4306762833347169, -2.0194467985821167), (0.2943852576236998, -1.725061540958417)
1: (0.0, 0.0), (0.97568130324825, -0.21919396545479164), (1.1948752687030413, 0.756487337793459), (0.21919396545479122, 0.9756813032482501)
4: (0.0, 0.0), (-1.7215920817425476, 3.610556841275506), (-2.6242312920614244, 3.180158820839869), (-0.9026392103188766, -0.43039802043563685)
1: (0.0, 0.0), (-0.8702142684068382, 0.4926734487073069), (-1.3628877171141451, -0.37754081969953135), (-0.49267344870730656, -0.8702142684068384)
2: (0.0, 0.0), (1.999524627876567, -0.043603469071581), (2.021326362412357, 0.9561588448667031), (0.021801734535790315, 0.9997623139382835)
1: (0.0, 0.0), (-0.8126482505232882, -0.5827545117126415), (-0.22989373881064668, -1.3954027622359297), (0.5827545117126415, -0.8126482505232882)
4: (0.0, 0.0), (1.6149556786548993, -1.1797958111386453), (2.7947514897935446, 0.4351598675162559), (1.1797958111386442, 1.6149556786549)
20: (0.0, 0.0), (9.591232715422658, -2.829886039862048), (10.157209923395067, -0.9116394967775195), (0.5659772079724092, 1.9182465430845317)
