(0.0, 0.0), (-0.6191513494527716, 0.7852716768550945), (1.7366636811125118, 2.6427257252134098), (2.974966380018055, 1.0721823715032208), (0.6191513494527715, -0.7852716768550945), (1.238302698905543, -1.570543353710189), (3.5941177294708266, 0.28691069464812524), (4.213269078923598, -0.49836098220696895), (4.998540755778692, 0.12079036724580422), (2.521935357967606, 3.2618770746661814), (3.3072070348227016, 3.881028424118951), (2.6880556853699282, 4.666300100974047), (1.902784008514834, 4.047148751521276), (1.283632659062063, 4.83242042837637), (2.854176012772251, 6.070723127281914), (10.283992206205513, -3.3525369949792188), (11.8545355599157, -2.1142342960736795), (4.4247193664824405, 7.309025826187456), (5.995262720192631, 8.547328525092999), (4.137808671834315, 10.903143555658282), (-0.57382138929625, 7.188235458941653), (-1.1929727387490265, 7.973507135796746), (1.948113968671358, 10.450112533607834), (1.3289626192185822, 11.23538421046293), (-1.8121240882017953, 8.758778812651842), (-3.0504267871073387, 10.32932216636203), (7.943376688863985, 18.997441058700833), (9.181679387769524, 17.426897704990644), (9.966951064624624, 18.046049054443415), (8.728648365719073, 19.616592408153608), (9.51392004257417, 20.23574375760638), (20.65864433272406, 6.100853574214678), (27.726089424419914, 11.67321571928962), (18.438819182628343, 23.452290872116034), (20.794634213193618, 25.30974492047435), (20.175482863740847, 26.09501659732945), (17.819667833175558, 24.237562548971137), (16.581365134270023, 25.80810590268132), (29.930983640806627, 36.33367884337844), (29.31183229135385, 37.11895052023355), (33.23819067562933, 40.21470726749739), (32.61903932617657, 40.99997894435248), (28.692680941901063, 37.90422219708864), (25.596924194637204, 41.83058058136412), (19.31475077979648, 36.87736978574193), (-109.46872990638, 200.21387857160158), (-129.88579350461248, 184.11594348582952), (-1.1023128184359925, 20.779434699969865), (-7.3844862332767445, 15.826223904347687), (-11.099394329993363, 20.537853965478263), (-13.455209360558655, 18.680399917119942), (-0.4530310220504488, 2.1896947031629606), (-1.2383026989055432, 1.570543353710189), (-1.8574540483583148, 2.3558150305652834), (-2.6427257252134093, 1.7366636811125118), (-6.97678517138281, 7.2335654190981735), (-7.762056848237906, 6.6144140696454), (-5.285451450426819, 3.4733273622250236), (-6.855994804137007, 2.2350246633194812), (-10.570902900853637, 6.946654724450047), (-12.141446254563826, 5.708352025544503), (-10.283992206205513, 3.3525369949792223), (-16.566165621046267, -1.600673800642952), (-15.947014271593492, -2.385945477498052), (-12.805927564173118, 0.09065992031303656), (-9.710170816909258, -3.835698463962436), (-8.924899140054166, -3.2165471145096616), (-12.020655887318023, 0.7098112697658101), (-9.66484085675274, 2.567265318124127), (-8.426538157847196, 0.9967219644139369), (-9.21180983470229, 0.3775706149611666), (-8.592658485249519, -0.4077010618939297), (-4.666300100974047, 2.6880556853699287), (-3.4279974020685033, 1.1175123316597406), (-4.213269078923598, 0.49836098220696845), (-3.5941177294708266, -0.2869106946481264), (-9.876291144311582, -5.240121490270301), (-9.257139794858812, -6.02539316712539), (-8.471868118003714, -5.4062418176726235), (-6.614414069645397, -7.762056848237909), (-14.467130838196347, -13.953570342765618), (-13.228828139290794, -15.524113696475817), (-5.376111370739858, -9.332600201948093), (-4.756960021287086, -10.11787187880319), (-3.1864166675768937, -8.879569179897647), (-6.901324764293528, -4.167939118767077), (-6.116053087438433, -3.548787769314306), (-1.781993641269031, -9.045689507299967), (-0.9967219644139375, -8.426538157847196), (-5.330781410583338, -2.929636419861535), (-2.974966380018055, -1.0721823715032206), (-2.3558150305652834, -1.8574540483583148), (-1.570543353710189, -1.2383026989055432), (2.7635160924592115, -6.7352044368912045), (3.548787769314306, -6.116053087438433), (-0.7852716768550945, -0.6191513494527716)
(-11.11982470643771, -2.0855451321171437), (-9.881821284073192, -2.9325088422096965), (-9.03485757398064, -1.694505419845179), (-10.272860996345157, -0.8475417097526261)
(-1.4201362112075797, -6.926991637183993), (-0.16806703394884437, -6.100963323287531), (-0.9940953478453061, -4.848894146028796), (-2.2461645251040414, -5.6749224599252575)
(-3.0, -3.0), (-1.5, -3.0), (-1.5, -1.5), (-3.0, -1.5)
(-4.017836578887001, -1.3627139191178768), (-5.3629742033882195, -0.6989332541755955), (-6.026754868330501, -2.0440708786768145), (-4.681617243829282, -2.7078515436190957)
(-12.625430425714226, -1.611988388745253), (-13.81188199358585, -0.6942015523311724), (-14.72966882999993, -1.880653120202795), (-13.543217262128307, -2.7984399566168756)
(-12.509802794742424, -2.346238273631787), (-11.92620238468502, -2.745500795515362), (-11.526939862801445, -2.161900385457959), (-12.110540272858849, -1.7626378635743842)
(-8.142048602967455, -2.3889421397170185), (-7.264466041077082, -2.8683676783212215), (-6.785040502472879, -1.9907851164308488), (-7.662623064363252, -1.5113595778266458)
(1.2144683810255095, 2.5544209816491246), (0.27224604035685085, 2.219432831493221), (0.6072341905127547, 1.2772104908245623), (1.5494565311814132, 1.6121986409804663)
(-15.28975897135185, -2.867624556661072), (-15.192341316666713, -2.934271560013494), (-15.125694313314291, -2.8368539053283577), (-15.223111967999428, -2.7702069019759357)
(-0.4766922617832327, -1.3314520222508905), (-1.4874756448402304, -1.809277254460171), (-1.00965041263095, -2.8200606375171686), (0.0011329704260477635, -2.342235405307888)
(-0.18579160497028724, -4.238570688277189), (-0.923185320511533, -4.914033868828339), (-0.24772213996038284, -5.651427584369586), (0.48967157558086294, -4.975964403818435)
(-9.863419121655257, -0.8443715003275827), (-9.322594024488843, -1.2999021955336687), (-8.867063329282757, -0.7590770983672552), (-9.407888426449171, -0.3035464031611692)
(-4.806635605022896, -6.992585656288108), (-4.315001385801603, -6.901504404152059), (-4.406082637937654, -6.4098701849307655), (-4.897716857158946, -6.500951437066817)
(-6.552396681557678, -2.658213258471173), (-5.901108206811816, -2.933573609036044), (-5.625747856246946, -2.2822851342901824), (-6.277036330992807, -2.0069247837253115)
(1.9067690471329308, 5.325808089003562), (1.2674935048308187, 5.023604877547527), (1.5696967162868538, 4.384329335245415), (2.208972258588966, 4.68653254670145)
(-2.214407063655172, -5.205420382297099), (-1.7506678482831552, -5.018482049881979), (-1.9376061806982756, -4.5547428345099625), (-2.401345396070292, -4.741681166925083)
(4.208476808571408, 0.5373294629150842), (3.649178175777117, 0.9699783267231818), (3.216529311969019, 0.41067969392889014), (3.7758279447633107, -0.021969169879207495)
(0.20267147144297848, 1.39961575965089), (-0.36382261181456754, 0.97643204820373), (0.05936109963259256, 0.40993796494618395), (0.6258551828901385, 0.833121676393344)
(-3.752570087360837, -1.9794488473927994), (-3.2749018427980348, -2.127208950723469), (-3.127141739467365, -1.6495407061606664), (-3.6048099840301675, -1.501780602829997)
(-0.284027242241516, -1.3853983274367987), (0.30620382826136094, -0.9960048459646124), (-0.08318965321082541, -0.40577377546173543), (-0.6734207237137023, -0.7951672569339218)
(4.242188400740064, -0.06194814465707177), (4.734834439417611, -0.5691955010575978), (5.2420817958181365, -0.07654946238005156), (4.74943575714059, 0.4306978940204744)
(4.231338348514621, -0.30947662333295645), (3.9045165380828157, 0.06892462432100777), (3.5261152904288515, -0.25789718611079704), (3.852937100860656, -0.6362984337647613)
(-3.6585441796780485, -6.0510374718178594), (-4.345115282503773, -6.220212294899399), (-4.175940459422234, -6.906783397725123), (-3.489369356596509, -6.737608574643584)
(-8.267617035713412, -1.9095833448114736), (-8.867314319260368, -1.5349326166573656), (-9.241965047414475, -2.134629900204321), (-8.642267763867519, -2.5092806283584292)
(4.085509781262862, -1.14394485321867), (3.8403793705925127, -0.7081569670118764), (3.404591484385719, -0.9532873776822253), (3.649721895056068, -1.389075263889019)
(-0.009388346162589656, -4.242630299584956), (0.3449465409830388, -3.8898601367997596), (-0.007823621802157676, -3.535525249654131), (-0.3621585089477861, -3.8882954124393274)
(-4.984084166591282, 10.156717236407346), (-5.022243323689407, 10.045021662503224), (-4.9105477497852865, 10.006862505405099), (-4.8723885926871615, 10.11855807930922)
(-9.499056703462031, -2.7870991630031883), (-9.395472133224757, -2.843687671633209), (-9.338883624594738, -2.740103101395937), (-9.44246819483201, -2.683514592765916)
(2.113337838444669, 1.8798412647343432), (1.6141904505472924, 1.909028336448134), (1.5850033788335016, 1.4098809485507575), (2.084150766730878, 1.3806938768369668)
(-0.9575544878399903, -1.0407158127065685), (-1.4571220629766302, -1.0615061439232132), (-1.4363317317599855, -1.561073719059853), (-0.9367641566233458, -1.5402833878432083)
(2.6209586726230714, 1.063285303388469), (3.081489169624514, 0.8685761322341439), (3.276198340778839, 1.3291066292355864), (2.8156678437773968, 1.5238158003899116)
(-4.361073645767371, 8.887127581856427), (-4.399232802865496, 8.775432007952306), (-4.2875372289613765, 8.73727285085418), (-4.2493780718632514, 8.848968424758302)
(1.107203531827586, 2.6027101911485495), (1.5709427471996023, 2.7896485235636703), (1.3840044147844819, 3.2533877389356864), (0.9202651994124655, 3.066449406520566)
(-1.0241621446424531, -4.117170375571233), (-1.4526065213269268, -4.374921061481965), (-1.1948558354161953, -4.803365438166439), (-0.7664114587317217, -4.545614752255707)
(-3.435676392156344, -2.489202227296844), (-3.9294162771107755, -2.4103293802252193), (-4.008289124182401, -2.904069265179651), (-3.5145492392279687, -2.982942112251276)
(-11.023489380951215, -2.5461111264152985), (-11.44753939680642, -2.281193055961051), (-11.712457467260666, -2.7052430718162546), (-11.288407451405464, -2.970161142270502)
(-8.339868529828284, -1.5641588490878577), (-8.242450875143145, -1.6308058524402802), (-8.175803871790723, -1.5333881977551438), (-8.27322152647586, -1.4667411944027213)
(8.358606345586075, -1.460718987186862), (8.290757582347798, -1.364134475865188), (8.194173071026123, -1.4319832391034661), (8.262021834264402, -1.52856775042514)
(-5.480716165234286, -6.477788999044318), (-5.363090326565451, -6.467981625406921), (-5.372897700202848, -6.350355786738086), (-5.490523538871683, -6.360163160375483)
(-2.465752951392693, 6.627221316864121), (-2.5148724224160026, 6.519893314615871), (-2.4075444201677523, 6.470773843592561), (-2.3584249491444425, 6.578101845840811)
(-2.1045866876377777, -6.750608481775391), (-2.0000652869373137, -6.6957696333572905), (-2.054904135355414, -6.591248232656826), (-2.159425536055878, -6.646087081074926)
(-2.7680088295689647, -6.506775477871374), (-2.6585348509087536, -6.462645323820953), (-2.702665004959174, -6.353171345160742), (-2.812138983619385, -6.397301499211163)
(-3.4037739422571676, -6.197928924246478), (-3.290441213444695, -6.164948398475518), (-3.3234217392156546, -6.051615669663046), (-3.436754468028127, -6.084596195434005)
(-0.3177167635875797, 5.647924933826178), (-0.3963599799876474, 5.559906373201374), (-0.30834141936284265, 5.4812631568013055), (-0.229698202962775, 5.56928171742611)
#
1: (0.0, 0.0), (0.08851819907302287, 0.996074559675564), (-0.9075563606025411, 1.0845927587485868), (-0.996074559675564, 0.08851819907302293)
2: (0.0, 0.0), (-1.878765627279568, -0.6857402698929176), (-1.5358954923331094, -1.6251230835327017), (0.34287013494645874, -0.939382813639784)
5: (0.0, 0.0), (-2.1750195370605145, 0.576012164285673), (-2.7510317013461876, -1.5990073727748413), (-0.5760121642856721, -2.1750195370605145)
5: (0.0, 0.0), (-4.2576614233855405, 2.6215108628069066), (-4.781963595946921, 1.7699785781298), (-0.5243021725613818, -0.8515322846771078)
2: (0.0, 0.0), (-0.07489867257553699, -1.4981288959386714), (1.4232302233631327, -1.5730275685142094), (1.4981288959386714, -0.07489867257553709)
4: (0.0, 0.0), (-1.8844150895097134, 0.6700595275258002), (-2.554474617035514, -1.2143555619839133), (-0.6700595275257996, -1.8844150895097136)
1: (0.0, 0.0), (-0.9246856967785285, -0.38073135170774564), (-0.5439543450707823, -1.3054170484862746), (0.3807313517077452, -0.9246856967785287)
4: (0.0, 0.0), (-0.41391670677120523, 1.956699506785771), (-2.3706162135569766, 1.542782800014566), (-1.956699506785771, -0.4139167067712051)
4: (0.0, 0.0), (1.6070058603635244, 1.1906015978308144), (0.4164042625327101, 2.797607458194339), (-1.1906015978308144, 1.6070058603635244)
9: (0.0, 0.0), (-1.7630047521217929, 2.427305964231946), (-4.190310716353738, 0.6643012121101532), (-2.4273059642319463, -1.7630047521217924)
4: (0.0, 0.0), (0.4002241638649521, -1.9595460236132756), (2.3597701874782278, -1.5593218597483236), (1.9595460236132756, 0.40022416386495246)
9: (0.0, 0.0), (0.4145315696877887, 2.971222572903649), (-2.5566910032158594, 3.3857541425914373), (-2.971222572903649, 0.4145315696877888)
81: (0.0, 0.0), (2.6111389840111636, -8.612894589287457), (11.224033573298614, -6.001755605276304), (8.612894589287457, 2.6111389840111614)
4: (0.0, 0.0), (-1.3963732815704937, -1.4318315747726933), (0.03545829320219955, -2.8282048563431874), (1.4318315747726933, -1.3963732815704937)
5: (0.0, 0.0), (-2.0952504017821196, -0.8200157034056519), (-1.275234698376468, -2.9152661051877713), (0.8200157034056518, -2.0952504017821196)
4: (0.0, 0.0), (0.7802499641276559, 1.8415238237608527), (-1.0612738596331968, 2.621773787888509), (-1.8415238237608524, 0.780249964127656)
9: (0.0, 0.0), (2.836392106659218, -0.9771795215216512), (3.8135716281808683, 1.859212585137568), (0.9771795215216502, 2.8363921066592184)
4: (0.0, 0.0), (1.874518708683253, 0.697265810718172), (1.1772528979650814, 2.571784519401425), (-0.6972658107181718, 1.874518708683253)
4: (0.0, 0.0), (0.382799172404481, 1.9630243996462307), (-1.5802252272417496, 2.345823572050712), (-1.9630243996462307, 0.3827991724044812)
4: (0.0, 0.0), (1.4977049634813089, 1.3254734408366888), (0.17223152264462005, 2.823178404317998), (-1.3254734408366888, 1.4977049634813089)
2: (0.0, 0.0), (0.5708205331038878, -1.3871423571454349), (1.9579628902493218, -0.8163218240415488), (1.387142357145435, 0.5708205331038874)
81: (0.0, 0.0), (-7.5476831224136935, -4.902293288210271), (-2.6453898342034234, -12.449976410623965), (4.902293288210271, -7.547683122413694)
4: (0.0, 0.0), (-1.9230282213413454, -0.5495111099193001), (-1.3735171114220444, -2.4725393312606463), (0.5495111099192992, -1.9230282213413457)
2: (0.0, 0.0), (0.4707229924945737, 1.424226058017811), (-0.9535030655232373, 1.8949490505123847), (-1.424226058017811, 0.4707229924945739)
12: (0.0, 0.0), (-3.2907365773464106, 5.017076118469246), (-4.963095283502825, 3.920163926020443), (-1.6723587061564154, -1.0969121924488032)
4: (0.0, 0.0), (0.5098670279207557, -1.933917168298388), (2.443784196219144, -1.4240501403776324), (1.9339171682983878, 0.509867027920756)
150: (0.0, 0.0), (-1.016170206036474, 12.207780228705127), (-13.223950434741601, 11.191610022668655), (-12.207780228705127, -1.0161702060364732)
5: (0.0, 0.0), (-0.8983790052394304, -2.062865764645148), (1.1644867594057178, -2.9612447698845785), (2.062865764645148, -0.8983790052394305)
5: (0.0, 0.0), (4.924471445797833, -0.865783448399078), (5.097628135477648, 0.11911084076048827), (0.17315668967981543, 0.9848942891595667)
4: (0.0, 0.0), (-2.6365596750380744, -3.0080812954378615), (-1.8845393511786086, -3.667221214197381), (0.7520203238594654, -0.6591399187595186)
5: (0.0, 0.0), (2.2487930194685473, -0.0736882323680953), (2.3224812518366424, 2.175104787100452), (0.0736882323680949, 2.2487930194685473)
63: (0.0, 0.0), (-15.446086590695833, 14.22738236755892), (-17.478569786061392, 12.020798568888086), (-2.03248319536556, -2.2065837986708328)
49: (0.0, 0.0), (-5.739993311761734, 4.006554227878435), (-9.746547539640169, -1.733439083883299), (-4.006554227878432, -5.739993311761736)
4: (0.0, 0.0), (-0.05717360349929063, -1.9991826277413742), (1.9420090242420838, -2.056356231240665), (1.9991826277413742, -0.05717360349929076)
4: (0.0, 0.0), (1.814070736274921, -0.8421088788220711), (2.6561796150969923, 0.9719618574528509), (0.8421088788220707, 1.8140707362749213)
2: (0.0, 0.0), (1.0162298513898396, 1.103302718724188), (-0.08707286733434799, 2.119532570114027), (-1.103302718724188, 1.0162298513898398)
12: (0.0, 0.0), (2.65569831656998, 2.2797514012206186), (0.3759469153493619, 4.935449717790599), (-2.279751401220618, 2.65569831656998)
9: (0.0, 0.0), (-1.6604397028437483, -2.4985875996690936), (0.838147896825349, -4.1590273025128415), (2.4985875996690936, -1.6604397028437488)
7: (0.0, 0.0), (1.7814708345185888, 6.769517092508123), (0.8143969641602847, 7.02401292601078), (-0.9670738703583035, 0.25449583350265537)
7: (0.0, 0.0), (-1.5244893977263425, 6.831978635521335), (-2.5004863456579627, 6.6141944358461435), (-0.9759969479316194, -0.21778419967519175)
4: (0.0, 0.0), (1.9990218550086238, 0.06254297081111893), (1.9364788841975054, 2.061564825819743), (-0.0625429708111188, 1.9990218550086238)
5: (0.0, 0.0), (2.225880096359227, 0.3285693178491231), (1.897310778510104, 2.55444941420835), (-0.32856931784912297, 2.225880096359227)
5: (0.0, 0.0), (-4.956098482469493, 0.6611261846755054), (-5.088323719404594, -0.3300935118183915), (-0.13222523693510113, -0.9912196964938985)
5: (0.0, 0.0), (-1.9595914707902349, -1.1056677926059728), (-0.8539236781842607, -3.0652592633962077), (1.105667792605972, -1.9595914707902353)
4: (0.0, 0.0), (-1.5855756417800868, -1.21899544059593), (-0.3665802011841569, -2.804571082376017), (1.21899544059593, -1.585575641780087)
676: (0.0, 0.0), (4.509670152418896, 25.60591484630811), (-21.09624469388921, 30.115584998727005), (-25.60591484630811, 4.509670152418897)
9: (0.0, 0.0), (-2.3090263184671787, -1.9153061010256054), (-0.39372021744157365, -4.224332419492784), (1.9153061010256054, -2.309026318467179)
49: (0.0, 0.0), (-2.9777182888051543, 6.335076463036204), (-9.312794751841357, 3.3573581742310505), (-6.335076463036205, -2.977718288805154)
46: (0.0, 0.0), (-1.6228017420422904, 6.552023695471843), (-8.174825437514134, 4.929221953429553), (-6.552023695471843, -1.6228017420422902)
5: (0.0, 0.0), (2.2473936903238942, -0.10826634145637683), (2.3556600317802703, 2.1391273488675178), (0.10826634145637641, 2.2473936903238942)
2: (0.0, 0.0), (-0.3620753371092067, 1.1964119066012566), (-1.5584872437104635, 0.8343365694920502), (-1.1964119066012568, -0.36207533710920664)
2: (0.0, 0.0), (1.2180067822616418, 0.8754767149185874), (0.3425300673430546, 2.093483497180229), (-0.8754767149185871, 1.2180067822616418)
2: (0.0, 0.0), (-1.1363425024317064, -0.9791454014431396), (-0.15719710098856707, -2.115487903874846), (0.9791454014431394, -1.1363425024317066)
9: (0.0, 0.0), (-1.2666929059847356, -2.7194648521221865), (1.4527719461374509, -3.9861577581069216), (2.7194648521221865, -1.2666929059847356)
1: (0.0, 0.0), (0.9678600576821379, -0.2514893809756762), (1.2193494386578136, 0.7163706767064625), (0.2514893809756756, 0.967860057682138)
2: (0.0, 0.0), (0.3316409180342481, -1.2052030125607058), (1.5368439305949542, -0.8735620945264578), (1.2052030125607058, 0.3316409180342484)
5: (0.0, 0.0), (-4.276288410100103, -2.5910147497927385), (-3.7580854601415568, -3.4462724318127576), (0.5182029499585477, -0.8552576820200208)
12: (0.0, 0.0), (4.229418763923913, -4.255821532838086), (5.648025941536609, -2.846015278196783), (1.4186071776126952, 1.4098062546413046)
3422: (0.0, 0.0), (52.189317869754674, -26.42962542847902), (78.6189432982337, 25.759692441275686), (26.42962542847901, 52.18931786975468)
150: (0.0, 0.0), (12.236245538927125, 0.5803405130490129), (11.655905025878115, 12.81658605197614), (-0.5803405130490121, 12.236245538927125)
9: (0.0, 0.0), (-1.2944505327061397, 2.706362469880336), (-4.000813002586475, 1.411911937174196), (-2.706362469880336, -1.2944505327061395)
9: (0.0, 0.0), (0.7823502540416345, 2.8961919963982), (-2.113841742356565, 3.678542250439834), (-2.8961919963982, 0.7823502540416347)
7: (0.0, 0.0), (-1.5048254212598091, -6.836336771365952), (-0.528205882493244, -7.051311831545924), (0.9766195387665645, -0.21497506017997278)
7: (0.0, 0.0), (6.693070941742745, 2.0500735032673543), (6.4002032984188375, 3.0062264949448902), (-0.2928676433239077, 0.956152991677535)
4: (0.0, 0.0), (1.7680282144097526, 0.9349204420971134), (0.8331077723126392, 2.702948656506866), (-0.9349204420971133, 1.7680282144097526)
46: (0.0, 0.0), (-0.8766274746663232, 6.692833799718931), (-7.5694612743852545, 5.816206325052608), (-6.692833799718931, -0.8766274746663227)
24: (0.0, 0.0), (-8.669048490504768, 8.297445285705535), (-10.051956038122357, 6.852603870621406), (-1.3829075476175894, -1.4448414150841278)
12: (0.0, 0.0), (-1.2819424915915103, 3.2567811483506457), (-4.538723639942155, 1.9748386567591354), (-3.2567811483506457, -1.28194249159151)
4: (0.0, 0.0), (-0.16798359826627893, -1.9929328916733533), (1.8249492934070763, -2.160916489939631), (1.9929328916733533, -0.16798359826627907)
2: (0.0, 0.0), (-0.7744103759045752, -0.9812179012285367), (0.20680752532396304, -1.7556282771331118), (0.9812179012285367, -0.7744103759045753)
5: (0.0, 0.0), (1.334735386087553, -1.8113479646731907), (3.1460833507607435, -0.47661257858563755), (1.8113479646731907, 1.334735386087553)
9: (0.0, 0.0), (0.46047412341736677, -2.9644499627524508), (3.4249240861698174, -2.503975839335084), (2.9644499627524508, 0.4604741234173674)
676: (0.0, 0.0), (-25.640822202264843, -4.306766396246986), (-21.334055806017858, -29.947588598511825), (4.306766396246984, -25.640822202264843)
5: (0.0, 0.0), (-1.2822015994682494, 1.8489075310358445), (-3.131109130504094, 0.566705931567595), (-1.8489075310358447, -1.2822015994682494)
4: (0.0, 0.0), (1.8172378212574278, -0.8352524773932473), (2.652490298650675, 0.9819853438641811), (0.8352524773932469, 1.8172378212574278)
9: (0.0, 0.0), (-1.4115714050680108, 2.6471619082319693), (-4.05873331329998, 1.2355905031639587), (-2.6471619082319693, -1.4115714050680106)
4: (0.0, 0.0), (1.3081695428198103, -1.5128425057614583), (2.821012048581269, -0.20467296294164808), (1.5128425057614585, 1.3081695428198101)
1: (0.0, 0.0), (0.8047847688024182, -0.5935667409008343), (1.3983515097032526, 0.21121802790158367), (0.5935667409008345, 0.8047847688024181)
81: (0.0, 0.0), (-4.853178698502585, -7.579357263013846), (2.72617856451126, -12.432535961516432), (7.579357263013846, -4.853178698502587)
4: (0.0, 0.0), (-0.7140528937214069, 1.8681885517709622), (-2.5822414454923694, 1.1541356580495554), (-1.8681885517709622, -0.7140528937214068)
676: (0.0, 0.0), (-25.901123053588886, -2.265353076861594), (-23.635769976727282, -28.166476130450487), (2.265353076861581, -25.90112305358889)
4: (0.0, 0.0), (1.7858811776786128, -0.900349054096938), (2.686230231775551, 0.8855321235816752), (0.9003490540969377, 1.785881177678613)
5: (0.0, 0.0), (4.641004694157847, 1.8603965783683933), (4.26892537848417, 2.7885975171999613), (-0.37207931567367863, 0.9282009388315695)
46: (0.0, 0.0), (3.2459832078322113, 5.918284634458815), (-2.6723014266266034, 9.164267842291027), (-5.918284634458815, 3.2459832078322117)
36: (0.0, 0.0), (5.026062189212617, -3.276995402829744), (8.30305759204236, 1.749066786382871), (3.276995402829745, 5.026062189212617)
9: (0.0, 0.0), (-2.736792103151354, -1.228807952500466), (-1.5079841506508898, -3.9656000556518194), (1.2288079525004671, -2.7367921031513536)
4: (0.0, 0.0), (1.0669056562887367, 1.6916596349677142), (-0.6247539786789774, 2.7585652912564513), (-1.691659634967714, 1.066905656288737)
4: (0.0, 0.0), (-1.3861255096725218, 1.4417545115015566), (-2.8278800211740784, 0.05562900182903491), (-1.4417545115015566, -1.3861255096725216)
4: (0.0, 0.0), (-1.7288229388426017, 1.0055701100030916), (-2.7343930488456936, -0.7232528288395101), (-1.0055701100030916, -1.7288229388426017)
4: (0.0, 0.0), (1.925071060319823, 0.5423111770184283), (1.3827598833013945, 2.4673822373382515), (-0.5423111770184282, 1.925071060319823)
4: (0.0, 0.0), (-0.8353283932902399, -1.8172029263027139), (0.9818745330124715, -2.652531319592955), (1.8172029263027139, -0.83532839329024)
4: (0.0, 0.0), (1.7243085541448935, -1.0132916707951107), (2.7376002249400044, 0.7110168833497825), (1.0132916707951112, 1.7243085541448933)
2: (0.0, 0.0), (-1.2182393288193556, -0.27998738849770677), (-0.938251940321649, -1.4982267173170627), (0.2799873884977067, -1.2182393288193558)
46: (0.0, 0.0), (6.591181320454187, -1.4556197308692267), (8.046801051323413, 5.135561589584962), (1.455619730869227, 6.591181320454187)
9: (0.0, 0.0), (0.28153054720306925, 2.9867608794464178), (-2.7052303322433486, 3.268291426649487), (-2.9867608794464178, 0.2815305472030694)
8: (0.0, 0.0), (2.984488163113147, -7.422454473032321), (3.9122949722421883, -7.0493934526431765), (0.9278068091290402, 0.37306102038914307)
4: (0.0, 0.0), (-0.3309001535075192, -1.9724363331698949), (1.6415361796623757, -2.303336486677414), (1.9724363331698949, -0.3309001535075194)
4: (0.0, 0.0), (0.9581906967783939, 1.755525729975877), (-0.7973350331974831, 2.713716426754271), (-1.755525729975877, 0.958190696778394)
4: (0.0, 0.0), (1.1541682952086285, -1.6333693845346826), (2.7875376797433113, -0.47920108932605426), (1.6333693845346828, 1.1541682952086285)
676: (0.0, 0.0), (-22.70911558373256, -12.66080840249448), (-10.048307181238101, -35.369923986227036), (12.660808402494489, -22.70911558373256)
9: (0.0, 0.0), (1.795342197518491, 2.4034862999005164), (-0.6081441023820254, 4.198828497419007), (-2.403486299900516, 1.7953421975184911)
2: (0.0, 0.0), (0.03500141602428316, -1.2495098642572995), (1.2845112802815826, -1.2145084482330164), (1.2495098642572995, 0.03500141602428339)
9: (0.0, 0.0), (-1.4320418597982645, -2.6361441750756973), (1.2041023152774326, -4.068186034873961), (2.6361441750756973, -1.4320418597982647)
81: (0.0, 0.0), (-7.867473761979922, 4.370681480565416), (-12.238155242545337, -3.4967922814145056), (-4.370681480565416, -7.867473761979921)
3422: (0.0, 0.0), (-11.937356501262883, -57.2690974240188), (45.33174092275592, -69.20645392528168), (57.2690974240188, -11.937356501262887)
81: (0.0, 0.0), (-2.437566296291038, -8.663617636483387), (6.22605134019235, -11.101183932774426), (8.663617636483387, -2.4375662962910383)
2: (0.0, 0.0), (1.1871680606459534, -0.9168598561296735), (2.104027916775627, 0.2703082045162796), (0.9168598561296737, 1.1871680606459534)
49: (0.0, 0.0), (2.4232873866494713, 6.567166682954345), (-4.143879296304873, 8.990454069603816), (-6.567166682954345, 2.4232873866494717)
4: (0.0, 0.0), (-0.34758897571416564, 1.9695638867429452), (-2.3171528624571107, 1.6219749110287798), (-1.9695638867429452, -0.3475889757141655)
4: (0.0, 0.0), (-1.900525926161175, -0.6228974265392401), (-1.2776284996219351, -2.5234233527004153), (0.62289742653924, -1.900525926161175)
9: (0.0, 0.0), (-2.998889999066168, 0.08160130820592328), (-3.080491307272091, -2.9172886908602447), (-0.08160130820592346, -2.998889999066168)
9: (0.0, 0.0), (-1.0046047564054497, 2.8267948781981946), (-3.831399634603644, 1.8221901217927452), (-2.8267948781981946, -1.0046047564054494)
9: (0.0, 0.0), (-0.4539516993142332, -2.9654557583430106), (2.51150405902878, -3.4194074576572415), (2.9654557583430106, -0.45395169931423346)
4: (0.0, 0.0), (1.996760784391554, 0.11378211597622014), (1.882978668415334, 2.1105429003677743), (-0.11378211597622001, 1.996760784391554)
9: (0.0, 0.0), (-2.6691101670960555, -1.3696170690760487), (-1.2994930980200068, -4.038727236172104), (1.3696170690760487, -2.6691101670960555)
9: (0.0, 0.0), (-2.109125433150428, -2.133445548224285), (0.024320115073858988, -4.242570981374713), (2.133445548224284, -2.109125433150429)
4: (0.0, 0.0), (-0.8554982731463973, 1.8077949841294316), (-2.6632932572758294, 0.9522967109830346), (-1.8077949841294318, -0.8554982731463971)
12: (0.0, 0.0), (0.1585989433411827, 3.49640477850764), (-3.3378058351664572, 3.655003721848823), (-3.49640477850764, 0.15859894334118294)
9: (0.0, 0.0), (-2.9242335605782053, 0.6699687180668301), (-3.594202278645035, -2.2542648425113745), (-0.6699687180668317, -2.924233560578205)
9: (0.0, 0.0), (2.584193434094189, 1.5237927336696693), (1.0604007004245195, 4.107986167763858), (-1.5237927336696693, 2.584193434094189)
4: (0.0, 0.0), (1.1108147725488258, 1.6631567999101289), (-0.5523420273613029, 2.773971572458955), (-1.6631567999101287, 1.110814772548826)
4: (0.0, 0.0), (-1.8998393376879292, 0.6249883926710084), (-2.524827730358938, -1.2748509450169208), (-0.6249883926710076, -1.8998393376879295)
4: (0.0, 0.0), (1.9514221376252083, -0.43812286037852766), (2.3895449980037355, 1.5132992772466816), (0.4381228603785269, 1.9514221376252083)
2: (0.0, 0.0), (-1.17598113293046, 0.4237550884551028), (-1.5997362213855628, -0.752226044475357), (-0.42375508845510285, -1.1759811329304597)
150: (0.0, 0.0), (-10.85735120965093, -5.672779275654171), (-5.184571933996761, -16.530130485305104), (5.67277927565417, -10.85735120965093)
4: (0.0, 0.0), (-1.1097800847112875, -1.6638473979239223), (0.5540673132126347, -2.7736274826352103), (1.6638473979239223, -1.1097800847112878)
4: (0.0, 0.0), (-1.6224194344281038, -1.1695106578351442), (-0.4529087765929598, -2.791930092263248), (1.169510657835144, -1.622419434428104)
2: (0.0, 0.0), (-0.31458656262715, 1.2097666281619914), (-1.5243531907891417, 0.8951800655348416), (-1.2097666281619914, -0.31458656262714996)
81: (0.0, 0.0), (4.831426421190032, -7.59324164877076), (12.42466806996079, -2.761815227580729), (7.593241648770758, 4.831426421190034)
4: (0.0, 0.0), (1.6577351649503511, -1.1188896830729256), (2.776624848023277, 0.5388454818774261), (1.1188896830729254, 1.6577351649503513)
4: (0.0, 0.0), (-0.431557456624033, -1.9528845745799202), (1.5213271179558872, -2.384442031203953), (1.9528845745799202, -0.4315574566240331)
294: (0.0, 0.0), (9.354283338938968, 40.94505322032014), (2.530107802218941, 42.50410044347664), (-6.824175536720023, 1.5590472231564951)
2: (0.0, 0.0), (0.4426523105952559, 1.433198845912416), (-0.99054653531716, 1.8758511565076716), (-1.4331988459124159, 0.442652310595256)
4: (0.0, 0.0), (0.30731720330764806, 1.9762479946988347), (-1.6689307913911866, 2.283565198006483), (-1.9762479946988347, 0.30731720330764817)
676: (0.0, 0.0), (7.483098904758752, 24.89986407154863), (-17.416765166789876, 32.38296297630738), (-24.89986407154863, 7.483098904758753)
2: (0.0, 0.0), (-1.1895435009961381, -0.3840393980281847), (-0.8055041029679529, -1.5735828990243232), (0.38403939802818415, -1.1895435009961384)
9: (0.0, 0.0), (-0.051227235681221575, 2.9995625965004398), (-3.0507898321816613, 2.9483353608192178), (-2.9995625965004398, -0.0512272356812214)
49: (0.0, 0.0), (-6.51106404990334, 2.570222740942175), (-9.081286790845516, -3.9408413089611654), (-2.5702227409421754, -6.51106404990334)
81: (0.0, 0.0), (-1.7083032173076844, -8.836385014118399), (7.128081796810713, -10.544688231426084), (8.836385014118399, -1.7083032173076849)
49: (0.0, 0.0), (-3.272162061679265, -6.188130205652342), (2.915968143973086, -9.460292267331605), (6.188130205652342, -3.2721620616792655)
49: (0.0, 0.0), (-1.6506105419739197, 6.802608678935204), (-8.453219220909123, 5.151998136961285), (-6.802608678935204, -1.6506105419739192)
4: (0.0, 0.0), (-1.7041993513046425, -1.0467590797374702), (-0.6574402715671736, -2.750958431042113), (1.046759079737471, -1.704199351304642)
4: (0.0, 0.0), (-0.6809133056104809, -1.8805204253723509), (1.1996071197618723, -2.561433730982831), (1.8805204253723509, -0.6809133056104811)
676: (0.0, 0.0), (21.41635144593105, -14.742451992269368), (36.158803438200415, 6.673899453661696), (14.742451992269359, 21.416351445931053)
9: (0.0, 0.0), (-2.6252688810431986, -1.4518826750898959), (-1.1733862059533027, -4.077151556133094), (1.4518826750898957, -2.6252688810431986)
4: (0.0, 0.0), (1.4626789980392085, -1.3640271803358675), (2.826706178375076, 0.09865181770334268), (1.3640271803358666, 1.4626789980392092)
150: (0.0, 0.0), (-0.5058736464099525, -12.239550312567365), (11.733676666157413, -12.74542395897732), (12.239550312567365, -0.5058736464099532)
8: (0.0, 0.0), (4.483136223349983, -6.625819919292046), (5.311363713261489, -6.065427891373297), (0.8282274899115056, 0.560392027918748)
4: (0.0, 0.0), (1.935245895055746, 0.5048002829534507), (1.4304456121022957, 2.440046178009197), (-0.5048002829534506, 1.9352458950557463)
4: (0.0, 0.0), (-1.6035567268884179, -1.1952429977418415), (-0.40831372914657665, -2.7987997246302596), (1.1952429977418413, -1.603556726888418)
4: (0.0, 0.0), (1.8268115946206374, 0.8141003609872703), (1.0127112336333672, 2.640911955607908), (-0.8141003609872702, 1.8268115946206374)
4: (0.0, 0.0), (1.3702623029080483, 1.4568394630943837), (-0.08657716018633528, 2.827101766002432), (-1.4568394630943835, 1.3702623029080483)
4: (0.0, 0.0), (0.8835589360663892, -1.7942473649129962), (2.6778063009793853, -0.9106884288466071), (1.7942473649129962, 0.8835589360663892)
9: (0.0, 0.0), (2.714203246097094, -1.277928299583352), (3.992131545680446, 1.436274946513742), (1.2779282995833516, 2.714203246097094)
5: (0.0, 0.0), (1.6208050991963279, -1.5606059177188782), (3.181411016915206, 0.060199181477450486), (1.5606059177188776, 1.620805099196328)
1: (0.0, 0.0), (0.995456077775923, -0.09522183163001771), (1.090677909405941, 0.9002342461459053), (0.09522183163001798, 0.995456077775923)
2: (0.0, 0.0), (0.5547115464383788, -1.1201763701524605), (1.6748879165908395, -0.5654648237140818), (1.1201763701524603, 0.5547115464383793)
1: (0.0, 0.0), (-0.825118447536594, 0.5649597751475771), (-1.3900782226841712, -0.26015867238901685), (-0.5649597751475768, -0.8251184475365942)
4: (0.0, 0.0), (1.9997626927112127, 0.030808648792185752), (1.9689540439190272, 2.030571341503398), (-0.030808648792185627, 1.9997626927112127)
9: (0.0, 0.0), (2.853693767015084, -0.9254360507886312), (3.7791298178037147, 1.9282577162264534), (0.9254360507886307, 2.8536937670150846)
1: (0.0, 0.0), (-0.9581436995752268, 0.286287706624468), (-1.244431406199695, -0.6718559929507588), (-0.2862877066244676, -0.9581436995752269)
4: (0.0, 0.0), (-0.7021733093143269, -1.872685943687987), (1.1705126343736603, -2.574859253002314), (1.872685943687987, -0.702173309314327)
4: (0.0, 0.0), (1.9092199891107222, 0.5957172426412164), (1.313502746469506, 2.5049372317519385), (-0.5957172426412163, 1.9092199891107222)
12: (0.0, 0.0), (-3.4546656943404805, -4.90563807677931), (-1.8194530020807114, -6.057193308226137), (1.6352126922597698, -1.151555231446827)
4: (0.0, 0.0), (1.9839696577747379, -0.2527140617955186), (2.236683719570256, 1.7312555959792204), (0.2527140617955178, 1.983969657774738)
24: (0.0, 0.0), (5.395591967237628, -10.718562745213594), (7.182019091439893, -9.819297417340655), (1.7864271242022656, 0.8992653278729383)
4: (0.0, 0.0), (1.9999186648094829, -0.018037021557209664), (2.0179556863666925, 1.9818816432522735), (0.01803702155720974, 1.9999186648094829)
150: (0.0, 0.0), (11.556387542217333, -4.063546108275877), (15.61993365049321, 7.49284143394146), (4.063546108275874, 11.556387542217333)
1: (0.0, 0.0), (0.3710325636096988, -0.928619855883566), (1.2996524194932648, -0.5575872922738673), (0.9286198558835658, 0.37103256360969916)
1: (0.0, 0.0), (-0.7252120356782116, -0.6885256010545028), (-0.036686434623708214, -1.4137376367327146), (0.6885256010545024, -0.7252120356782119)
4: (0.0, 0.0), (-1.0253400091245035, 1.7171714724186875), (-2.742511481543191, 0.6918314632941842), (-1.7171714724186875, -1.0253400091245033)
4: (0.0, 0.0), (-0.42252536513745975, -1.9548586434357489), (1.5323332782982892, -2.377384008573209), (1.9548586434357489, -0.42252536513745986)
4: (0.0, 0.0), (1.8223246407753733, -0.8240952030092803), (2.646419843784654, 0.9982294377660927), (0.8240952030092804, 1.8223246407753733)
4: (0.0, 0.0), (1.9564679736582524, -0.41500972042781276), (2.3714776940860647, 1.5414582532304408), (0.415009720427812, 1.9564679736582526)
2: (0.0, 0.0), (1.2492067323076608, 0.8303508535295283), (0.4188558787781326, 2.079557585837189), (-0.8303508535295282, 1.249206732307661)
2: (0.0, 0.0), (-0.4479401410386801, 1.4315549692716125), (-1.8794951103102924, 0.9836148282329323), (-1.4315549692716125, -0.44794014103867996)
4: (0.0, 0.0), (1.803443521736406, -0.8646337166147231), (2.6680772383511293, 0.9388098051216832), (0.8646337166147228, 1.8034435217364062)
36: (0.0, 0.0), (-1.34125596014107, 5.848164878779159), (-7.1894208389202285, 4.506908918638089), (-5.848164878779159, -1.3412559601410696)
20: (0.0, 0.0), (-9.356069528966865, -3.530433821662395), (-8.649982764634386, -5.401647727455768), (0.7060867643324789, -1.871213905793373)
49: (0.0, 0.0), (-6.731687780055604, 1.9194737903524648), (-8.65116157040807, -4.812213989703139), (-1.9194737903524683, -6.731687780055603)
9: (0.0, 0.0), (-1.0356318805465516, -2.8155757151949605), (1.7799438346484084, -3.8512075957415117), (2.8155757151949605, -1.0356318805465519)
81: (0.0, 0.0), (-8.934943344160065, -1.0801793539268223), (-7.854763990233242, -10.015122698086886), (1.0801793539268216, -8.934943344160065)
3: (0.0, 0.0), (-2.0788400610353253, -2.1629664816253267), (-1.3578512338268833, -2.8559131686371018), (0.7209888272084423, -0.6929466870117751)
1: (0.0, 0.0), (0.8908459418123673, -0.454305522700788), (1.3451514645131553, 0.4365404191115799), (0.4543055227007876, 0.8908459418123675)
18: (0.0, 0.0), (-5.929916300054976, -0.9143810334550371), (-5.472725783327458, -3.8793391834825255), (0.4571905167275184, -2.964958150027488)
9: (0.0, 0.0), (1.2737941972842708, -2.7161458618720977), (3.989940059156368, -1.442351664587827), (2.7161458618720973, 1.2737941972842712)
4: (0.0, 0.0), (1.8633465197663432, -0.7265946237584313), (2.5899411435247743, 1.1367518960079126), (0.726594623758431, 1.8633465197663435)
1: (0.0, 0.0), (0.5175703336328218, -0.8556406662514409), (1.373210999884263, -0.33807033261861785), (0.8556406662514405, 0.5175703336328223)
9: (0.0, 0.0), (-2.811987113827849, 1.045336535124514), (-3.8573236489523626, -1.7666505787033349), (-1.0453365351245143, -2.8119871138278487)
4: (0.0, 0.0), (1.9749773608740908, 0.31537980917428926), (1.6595975516998018, 2.29035717004838), (-0.31537980917428915, 1.9749773608740908)
9: (0.0, 0.0), (-1.762650899405021, 2.427562935708706), (-4.190213835113727, 0.6649120363036854), (-2.427562935708706, -1.7626508994050205)
8: (0.0, 0.0), (-3.417008642253319, -7.233536613494545), (-2.512816565566499, -7.66066269377621), (0.9041920766868181, -0.42712608028166493)
4: (0.0, 0.0), (-1.515197270952792, -1.3054413928235964), (-0.2097558781291946, -2.8206386637763887), (1.3054413928235955, -1.5151972709527928)
9: (0.0, 0.0), (-1.7900715844206219, -2.4074143230133536), (0.6173427385927355, -4.1974859074339745), (2.4074143230133536, -1.7900715844206223)
676: (0.0, 0.0), (24.590395066332945, -8.444671129278408), (33.03506619561135, 16.145723937054548), (8.444671129278404, 24.59039506633295)
36: (0.0, 0.0), (-3.3847990275202715, 4.954102899950487), (-8.338901927470758, 1.5693038724302155), (-4.954102899950487, -3.3847990275202706)
1: (0.0, 0.0), (0.9480993182961115, -0.31797434274867004), (1.2660736610447814, 0.6301249755474421), (0.31797434274866965, 0.9480993182961116)
9: (0.0, 0.0), (0.9762896296735384, 2.8366985315665647), (-1.860408901893026, 3.812988161240103), (-2.8366985315665647, 0.9762896296735385)
5: (0.0, 0.0), (-2.1127402806634517, 4.531702605694919), (-3.0190808018024344, 4.10915454956223), (-0.9063405211389839, -0.4225480561326903)
7: (0.0, 0.0), (-5.536910000805358, -4.282829396903595), (-4.925077229819131, -5.073816539875789), (0.6118327709862278, -0.7909871429721941)
4: (0.0, 0.0), (1.067378147029175, -1.6913615495347423), (2.7587396965639175, -0.6239834025055674), (1.6913615495347418, 1.0673781470291757)
63: (0.0, 0.0), (-3.8375592590645513, 20.64638319253927), (-6.787042572284449, 20.09816044124433), (-2.949483313219895, -0.5482227512949358)
2: (0.0, 0.0), (-1.2168314485773024, -0.286044097567602), (-0.9307873510097006, -1.5028755461449046), (0.28604409756760196, -1.2168314485773024)
676: (0.0, 0.0), (-11.200112800445229, 23.463961158706834), (-34.66407395915206, 12.263848358261606), (-23.463961158706834, -11.200112800445227)
150: (0.0, 0.0), (-11.403629953083094, 4.474340609871591), (-15.877970562954687, -6.929289343211503), (-4.474340609871592, -11.403629953083094)
36: (0.0, 0.0), (3.4078269309910674, 4.93829075778371), (-1.530463826792641, 8.346117688774775), (-4.938290757783709, 3.4078269309910683)
5: (0.0, 0.0), (-3.309237764665106, -3.748192286544847), (-2.5595993073561383, -4.410039839477867), (0.7496384573089694, -0.6618475529330213)
4: (0.0, 0.0), (0.01217653887148716, -1.9999629326317803), (2.012139471503269, -1.9877863937602915), (1.9999629326317803, 0.012176538871488417)
5: (0.0, 0.0), (0.9096792634106547, -2.0579075872644643), (2.967586850675118, -1.148228323853812), (2.0579075872644643, 0.9096792634106543)
4: (0.0, 0.0), (0.15116039624035474, -1.9942794524861502), (2.145439848726505, -1.8431190562457958), (1.9942794524861502, 0.15116039624035468)
2: (0.0, 0.0), (-1.0782255935568463, -0.6323998493034186), (-0.44582574425342775, -1.710625442860265), (0.6323998493034186, -1.0782255935568463)
4: (0.0, 0.0), (-1.9724033624025092, 0.33109662635441617), (-2.3034999887569256, -1.6413067360480933), (-0.33109662635441717, -1.972403362402509)
9: (0.0, 0.0), (2.9843020695063056, -0.306498218494627), (3.2908002880009324, 2.6778038510116784), (0.3064982184946271, 2.9843020695063056)
4: (0.0, 0.0), (-3.9982491211079045, -0.1183383520244796), (-3.9686645331017845, -1.117900632301456), (0.02958458800611984, -0.9995622802769761)
9: (0.0, 0.0), (-2.981481688668226, -0.3328166764692877), (-2.6486650121989395, -3.314298365137512), (0.33281667646928886, -2.981481688668226)
4: (0.0, 0.0), (-0.5303010311612214, -1.928414067660093), (1.3981130364988714, -2.4587150988213144), (1.928414067660093, -0.5303010311612216)
49: (0.0, 0.0), (-1.1160344101069803, 6.910460707901983), (-8.026495118008963, 5.794426297795002), (-6.910460707901983, -1.11603441010698)
294: (0.0, 0.0), (31.947082924106834, -27.26506725904489), (36.49126080061431, -21.940553438360414), (4.544177876507481, 5.324513820684473)
676: (0.0, 0.0), (-24.95790013427743, 7.287195680605441), (-32.24509581488287, -17.67070445367199), (-7.287195680605443, -24.95790013427743)
81: (0.0, 0.0), (8.76289523516985, -2.0522346594474854), (10.815129894617334, 6.7106605757223665), (2.0522346594474836, 8.76289523516985)
49: (0.0, 0.0), (1.138852697276113, 6.906736894793873), (-5.767884197517761, 8.045589592069987), (-6.906736894793873, 1.1388526972761133)
1: (0.0, 0.0), (-0.5601082963265572, 0.8284193964328465), (-1.3885276927594037, 0.26831110010628934), (-0.8284193964328465, -0.5601082963265571)
676: (0.0, 0.0), (-22.622612737072167, -12.814733432594696), (-9.807879304477469, -35.43734616966686), (12.814733432594695, -22.622612737072167)
9: (0.0, 0.0), (-2.2003295273795263, 2.0392523068374326), (-4.239581834216959, -0.16107722054209325), (-2.039252306837433, -2.200329527379526)
1: (0.0, 0.0), (0.689423534058317, -0.7243584683611703), (1.4137820024194876, -0.034934934302853264), (0.72435846836117, 0.6894235340583174)
9: (0.0, 0.0), (0.40183539627330894, 2.972966248429651), (-2.5711308521563416, 3.3748016447029596), (-2.9729662484296506, 0.4018353962733091)
5: (0.0, 0.0), (0.4224654831007246, 2.2099825600190766), (-1.7875170769183517, 2.632448043119801), (-2.2099825600190766, 0.42246548310072474)
81: (0.0, 0.0), (-8.485793630474582, -2.998550726767354), (-5.487242903707227, -11.484344357241934), (2.9985507267673537, -8.485793630474582)
2: (0.0, 0.0), (0.910521893207809, -1.1920360237800147), (2.1025579169878235, -0.2815141305722057), (1.1920360237800143, 0.9105218932078093)
81: (0.0, 0.0), (-5.603343889203783, -7.042906875667364), (1.4395629864635922, -12.646250764871146), (7.042906875667364, -5.603343889203783)
9: (0.0, 0.0), (-1.812260408654244, 2.3907555732914965), (-4.2030159819457396, 0.5784951646372526), (-2.390755573291497, -1.8122604086542438)
3: (0.0, 0.0), (2.5287896882598138, 1.6140702316041993), (1.990766277725081, 2.457000127690804), (-0.5380234105347331, 0.8429298960866046)
5: (0.0, 0.0), (1.601602049837595, -1.580307208727472), (3.181909258565067, 0.021294841110123076), (1.580307208727472, 1.601602049837595)
18: (0.0, 0.0), (4.863091345525929, 3.514305417158676), (3.105938636946591, 5.94585108992164), (-1.7571527085793375, 2.4315456727629647)
9: (0.0, 0.0), (2.8914508468935445, 0.7996949418363256), (2.091755905057219, 3.6911457887298695), (-0.7996949418363255, 2.8914508468935445)
4: (0.0, 0.0), (1.498275363020949, 1.3248286442270347), (0.17344671879391454, 2.823104007247984), (-1.3248286442270347, 1.4982753630209493)
9: (0.0, 0.0), (-2.9991555291314564, 0.07117662594007346), (-3.07033215507153, -2.9279789031913825), (-0.07117662594007365, -2.9991555291314564)
4: (0.0, 0.0), (-1.9255124565130841, -0.540741879100323), (-1.38477057741276, -2.466254335613408), (0.540741879100322, -1.9255124565130843)
5: (0.0, 0.0), (-1.6636834344323017, 1.5148126715853485), (-3.17849610601765, -0.1488707628469531), (-1.5148126715853487, -1.6636834344323017)
4: (0.0, 0.0), (-1.925645563491703, 0.5402676779196792), (-2.465913241411382, -1.3853778855720236), (-0.5402676779196784, -1.9256455634917031)
9: (0.0, 0.0), (-2.3322361572197856, 1.8869749619315797), (-4.219211119151366, -0.445261195288206), (-1.8869749619315788, -2.3322361572197865)
9: (0.0, 0.0), (-2.1867329350142004, -2.053825472362289), (-0.13290746265191353, -4.240558407376489), (2.0538254723622895, -2.1867329350142)
5: (0.0, 0.0), (2.175128847815318, -0.575599248958516), (2.7507280967738326, 1.5995295988568037), (0.5755992489585147, 2.1751288478153183)
49: (0.0, 0.0), (-6.943759882905071, -0.8855499356660589), (-6.058209947239008, -7.829309818571132), (0.8855499356660554, -6.943759882905071)
9: (0.0, 0.0), (2.740816892023533, -1.219804395958), (3.960621287981533, 1.5210124960655322), (1.2198043959580007, 2.7408168920235325)
4: (0.0, 0.0), (1.0682177715315802, -1.6908313909388202), (2.7590491624704003, -0.6226136194072401), (1.69083139093882, 1.0682177715315804)
81: (0.0, 0.0), (6.781771660017202, -5.916719796592325), (12.698491456609528, 0.8650518634248792), (5.916719796592324, 6.781771660017203)
9: (0.0, 0.0), (2.774798143400207, -1.140392591778272), (3.9151907351784785, 1.6344055516219351), (1.140392591778272, 2.774798143400207)
676: (0.0, 0.0), (2.7748623115421887, -25.851501680791827), (28.626363992334017, -23.07663936924964), (25.851501680791827, 2.7748623115421873)
9: (0.0, 0.0), (-2.917096016380212, 0.7003933403586136), (-3.6174893567388255, -2.216702676021598), (-0.7003933403586139, -2.917096016380212)
1: (0.0, 0.0), (0.856926709136558, -0.515438274838403), (1.372364983974961, 0.34148843429815473), (0.5154382748384032, 0.8569267091365578)
4: (0.0, 0.0), (1.1308179161092764, -1.6496214234200142), (2.780439339529291, -0.5188035073107378), (1.6496214234200142, 1.1308179161092762)
12: (0.0, 0.0), (0.592683992847218, -3.4494529544005497), (4.042136947247769, -2.8567689615533283), (3.449452954400549, 0.5926839928472201)
49: (0.0, 0.0), (1.7918606382674198, -6.76677437580328), (8.558635014070699, -4.974913737535862), (6.76677437580328, 1.791860638267421)
2: (0.0, 0.0), (-1.19361917247704, 0.9084455245611738), (-2.1020646970382137, -0.28517364791586597), (-0.9084455245611736, -1.1936191724770402)
4: (0.0, 0.0), (1.5644684502750084, -1.2459688872897725), (2.810437337564781, 0.3184995629852363), (1.2459688872897723, 1.5644684502750086)
9: (0.0, 0.0), (-0.9763893275857077, 2.836664217170712), (-3.8130535447564196, 1.8602748895850043), (-2.8366642171707124, -0.9763893275857076)
36: (0.0, 0.0), (5.432142385368321, 2.5479068085557928), (2.8842355768125283, 7.980049193924113), (-2.5479068085557923, 5.432142385368321)
4: (0.0, 0.0), (1.9859910866988277, 0.2363036257716102), (1.7496874609272177, 2.222294712470438), (-0.23630362577161007, 1.9859910866988277)
4: (0.0, 0.0), (-0.4713291031003547, -1.9436689215426106), (1.4723398184422583, -2.4149980246429643), (1.9436689215426106, -0.47132910310035486)
8: (0.0, 0.0), (-3.5573488963603364, 7.165561305966469), (-4.453044059606146, 6.720892693921426), (-0.8956951632458088, -0.444668612045042)
9: (0.0, 0.0), (1.8323822616810417, -2.375368444489543), (4.207750706170584, -0.542986182808501), (2.375368444489542, 1.8323822616810426)
676: (0.0, 0.0), (-11.783612666122176, 23.176420615246112), (-34.96003328136829, 11.392807949123938), (-23.176420615246112, -11.783612666122174)
5408: (0.0, 0.0), (178.10892608492497, 107.4300258255332), (164.6801728567333, 129.69364158614886), (-13.428753228191649, 22.26361576061562)
162: (0.0, 0.0), (10.723074243070279, 14.45737454649366), (3.4943869698234473, 19.8189116680288), (-7.22868727324683, 5.3615371215351395)
1: (0.0, 0.0), (-0.9323090060562115, -0.3616627119658301), (-0.5706462940903809, -1.293971718022042), (0.3616627119658296, -0.9323090060562117)
12: (0.0, 0.0), (-2.940016834308988, 1.8990263331454238), (-4.839043167454412, -1.0409905011635643), (-1.8990263331454242, -2.940016834308988)
4: (0.0, 0.0), (-2.976111738953101, -2.67259404273555), (-2.3079632282692133, -3.4166219774738256), (0.6681485106838874, -0.7440279347382752)
1: (0.0, 0.0), (-0.7885503695461097, -0.6149701738204006), (-0.1735801957257097, -1.4035205433665106), (0.614970173820401, -0.7885503695461095)
4: (0.0, 0.0), (-1.0044503708647372, -1.7294737501534077), (0.7250233792886704, -2.733924121018145), (1.7294737501534077, -1.0044503708647372)
2: (0.0, 0.0), (-1.4221428480627052, 0.4769797896180693), (-1.8991226376807742, -0.9451630584446357), (-0.4769797896180694, -1.422142848062705)
7: (0.0, 0.0), (-1.859400947206849, -6.74852784817002), (-0.8953255403254228, -7.014156554913854), (0.9640754068814313, -0.2656287067438356)
4: (0.0, 0.0), (-1.6597709049451939, -1.1158676189841752), (-0.5439032859610189, -2.775638523929369), (1.115867618984175, -1.6597709049451939)
4: (0.0, 0.0), (-0.3196321443424292, -1.9742936185641335), (1.6546614742217043, -2.293925762906563), (1.9742936185641335, -0.3196321443424293)
4: (0.0, 0.0), (-1.1036808843125183, 1.6678994291033071), (-2.7715803134158254, 0.5642185447907889), (-1.6678994291033071, -1.103680884312518)
3422: (0.0, 0.0), (-8.348607539854497, 57.90121546345539), (-66.24982300330987, 49.552607923600895), (-57.90121546345539, -8.348607539854493)
2: (0.0, 0.0), (1.1358875270522568, -0.9796731729955191), (2.1155607000477756, 0.15621435405673773), (0.9796731729955191, 1.1358875270522568)
9: (0.0, 0.0), (-0.9761622108528692, -2.8367423813421686), (1.8605801704892992, -3.8129045921950375), (2.8367423813421686, -0.9761622108528694)
36: (0.0, 0.0), (5.669180416118075, 1.9647883879703916), (3.7043920281476836, 7.6339688040884655), (-1.9647883879703913, 5.669180416118075)
4: (0.0, 0.0), (0.4086667047818847, 1.9578027286738355), (-1.549136023891951, 2.36646943345572), (-1.9578027286738355, 0.4086667047818848)
4: (0.0, 0.0), (-1.2515278351414512, -1.5600250247563827), (0.30849718961493144, -2.811552859897834), (1.5600250247563827, -1.2515278351414514)
3: (0.0, 0.0), (-2.601832272926205, -1.4934754177955716), (-2.104007133661015, -2.360752842104307), (0.49782513926519056, -0.867277424308735)
676: (0.0, 0.0), (25.999973235406202, 0.037306275090673975), (25.962666960315527, 26.037279510496877), (-0.03730627509067238, 25.999973235406202)
49: (0.0, 0.0), (-6.31881722599916, -3.0120672078186246), (-3.3067500181805314, -9.330884433817786), (3.0120672078186215, -6.318817225999162)
49: (0.0, 0.0), (6.8020791372224885, 1.6527913997121884), (5.1492877375103, 8.454870536934676), (-1.652791399712188, 6.8020791372224885)
676: (0.0, 0.0), (25.937071046562117, 1.807856610903953), (24.129214435658163, 27.744927657466064), (-1.8078566109039511, 25.937071046562117)
2: (0.0, 0.0), (0.2946972029082653, 1.214764816167329), (-0.9200676132590637, 1.5094620190755943), (-1.214764816167329, 0.2946972029082654)
20: (0.0, 0.0), (3.763233889268861, -9.264883738863558), (5.6162106370415765, -8.512236961009782), (1.8529767477727108, 0.7526467778537734)
81: (0.0, 0.0), (-8.962461552533325, 0.8211473189153857), (-9.783608871448711, -8.14131423361794), (-0.8211473189153863, -8.962461552533325)
9: (0.0, 0.0), (-2.918505305575914, -0.6944975027494642), (-2.224007802826448, -3.6130028083253785), (0.6944975027494626, -2.9185053055759145)
5: (0.0, 0.0), (0.05378414766418103, -2.249357078247035), (2.303141225911214, -2.195572930582856), (2.249357078247035, 0.053784147664180444)
49: (0.0, 0.0), (-3.647603477383475, 5.974528338854874), (-9.62213181623835, 2.3269248614713987), (-5.974528338854874, -3.647603477383475)
46: (0.0, 0.0), (0.7655153398794433, 6.706451093119911), (-5.940935753240469, 7.4719664329993565), (-6.706451093119911, 0.7655153398794436)
4: (0.0, 0.0), (1.3432341200424491, 1.4817969154893622), (-0.138562795446913, 2.8250310355318113), (-1.481796915489362, 1.3432341200424491)
3: (0.0, 0.0), (-1.24469631461322, -2.7296027338036333), (-0.33482873667867574, -3.144501505341373), (0.9098675779345444, -0.41489877153774)
81: (0.0, 0.0), (-8.853339366194392, 1.6181415472673222), (-10.471480913461713, -7.235197818927069), (-1.6181415472673228, -8.853339366194392)
5: (0.0, 0.0), (-4.826166204976665, -1.3069505583384315), (-4.564776093308978, -2.272183799333765), (0.2613901116676863, -0.9652332409953329)
81: (0.0, 0.0), (-3.709279576128114, 8.200075915875344), (-11.909355492003456, 4.490796339747228), (-8.200075915875344, -3.7092795761281137)
4: (0.0, 0.0), (-0.16932372610008256, 1.992819478974346), (-2.162143205074429, 1.823495752874264), (-1.992819478974346, -0.16932372610008242)
9: (0.0, 0.0), (-2.9931360481368987, 0.20282158993417504), (-3.1959576380710737, -2.7903144582027237), (-0.2028215899341752, -2.9931360481368987)
1: (0.0, 0.0), (-0.1102764004839219, 0.9939009585951256), (-1.1041773590790476, 0.8836245581112038), (-0.9939009585951256, -0.11027640048392183)
9: (0.0, 0.0), (2.9999882248317973, -0.008405407221693847), (3.0083936320534903, 2.9915828176101034), (0.008405407221693298, 2.9999882248317973)
9: (0.0, 0.0), (1.4221255377713313, -2.641506947713483), (4.063632485484814, -1.2193814099421516), (2.6415069477134825, 1.4221255377713318)
9: (0.0, 0.0), (2.4624747312343445, -1.7135396692321843), (4.176014400466529, 0.7489350620021589), (1.713539669232185, 2.4624747312343436)
46: (0.0, 0.0), (6.735020709186024, 0.44943970322546123), (6.285581005960563, 7.184460412411485), (-0.44943970322546084, 6.735020709186024)
3422: (0.0, 0.0), (58.29164679051546, -4.9329417642811695), (63.22458855479663, 53.358705026234276), (4.932941764281185, 58.29164679051545)
3422: (0.0, 0.0), (-58.188364058216344, -6.0302809410902825), (-52.15808311712604, -64.21864499930665), (6.030280941090253, -58.188364058216344)
9: (0.0, 0.0), (-2.7192028484493376, 1.267255250131168), (-3.9864580985805054, -1.4519475983181693), (-1.267255250131167, -2.719202848449338)
5: (0.0, 0.0), (1.7480328085243533, 1.416644380330668), (0.3313884281936852, 3.1646771888550207), (-1.4166443803306679, 1.7480328085243533)
4: (0.0, 0.0), (1.473695715003861, -1.3521172063024933), (2.8258129213063543, 0.12157850870136891), (1.3521172063024927, 1.4736957150038614)
1: (0.0, 0.0), (-0.6545101372045832, 0.7560532258356139), (-1.410563363040197, 0.10154308863103081), (-0.756053225835614, -0.6545101372045831)
4: (0.0, 0.0), (-1.750747996600312, 0.9668926788428969), (-2.717640675443209, -0.7838553177574153), (-0.9668926788428962, -1.7507479966003126)
2: (0.0, 0.0), (1.5348131290606764, -1.2823215894864188), (2.175973923803886, -0.5149150249560785), (0.6411607947432089, 0.7674065645303386)
4: (0.0, 0.0), (-0.61532716575351, 1.9029904043598729), (-2.518317570113383, 1.2876632386063631), (-1.9029904043598729, -0.6153271657535099)
12: (0.0, 0.0), (3.494978461413073, 0.187418126814651), (3.3075603345984215, 3.6823965882277236), (-0.1874181268146508, 3.494978461413073)
5408: (0.0, 0.0), (133.14593574851014, -159.80037482325756), (153.12098260141735, -143.15713285469374), (19.975046852907184, 16.64324196856378)
162: (0.0, 0.0), (5.069317525864676, 17.271422055579592), (-3.5663935019251207, 19.806080818511933), (-8.635711027789796, 2.534658762932337)
676: (0.0, 0.0), (25.43061781019612, -5.411439530451752), (30.842057340647873, 20.019178279744366), (5.411439530451753, 25.43061781019612)
5: (0.0, 0.0), (0.6928822584561812, 2.1406574167569787), (-1.4477751583007974, 2.83353967521316), (-2.1406574167569787, 0.6928822584561813)
9: (0.0, 0.0), (-2.0277783112796537, 2.210908211641504), (-4.238686522921157, 0.183129900361851), (-2.2109082116415046, -2.0277783112796532)
49: (0.0, 0.0), (6.089964234374711, -3.4514251584000544), (9.541389392774766, 2.638539075974656), (3.4514251584000557, 6.08996423437471)
4: (0.0, 0.0), (0.3273459806690878, -1.9730292975371129), (2.300375278206201, -1.6456833168680252), (1.9730292975371129, 0.3273459806690886)
4: (0.0, 0.0), (1.4083573397042375, -1.4200456343727843), (2.828402974077022, -0.011688294668546937), (1.420045634372784, 1.4083573397042377)
9: (0.0, 0.0), (-1.0885314016015382, -2.7955499258155614), (1.7070185242140228, -3.8840813274170998), (2.7955499258155614, -1.0885314016015384)
4: (0.0, 0.0), (1.971955995029786, -0.33375073582853243), (2.305706730858318, 1.6382052592012548), (0.3337507358285316, 1.971955995029786)
9: (0.0, 0.0), (-2.9529350152274185, 0.5293154029913034), (-3.482250418218722, -2.4236196122361147), (-0.529315402991305, -2.952935015227418)
3422: (0.0, 0.0), (-54.56451560869674, 21.09416119186279), (-75.65867680055952, -33.47035441683394), (-21.094161191862792, -54.56451560869674)
12: (0.0, 0.0), (-4.232287410257515, -4.252968760404399), (-2.814631156789383, -5.663731230490238), (1.417656253468133, -1.4107624700858388)
4: (0.0, 0.0), (-0.11509657469647727, 1.9966854480596432), (-2.1117820227561204, 1.881588873363166), (-1.9966854480596432, -0.11509657469647715)
4: (0.0, 0.0), (-1.9312052312316996, 0.5200445700738713), (-2.451249801305571, -1.4111606611578285), (-0.5200445700738705, -1.9312052312316998)
4: (0.0, 0.0), (1.9999019117733319, -0.019807657240874833), (2.0197095690142057, 1.9800942545324585), (0.019807657240873577, 1.9999019117733319)
49: (0.0, 0.0), (-2.839353094182781, 6.398286802461629), (-9.237639896644412, 3.558933708278849), (-6.398286802461629, -2.8393530941827807)
81: (0.0, 0.0), (7.726078124170179, 4.61602825156205), (3.11004987260813, 12.342106375732229), (-4.616028251562049, 7.72607812417018)
4: (0.0, 0.0), (-3.2049895019678947, -2.393332883715842), (-2.606656281038934, -3.194580259207816), (0.5983332209289605, -0.8012473754919737)
4: (0.0, 0.0), (-0.8216230236331971, 1.8234405959712103), (-2.6450636196044077, 1.0018175723380134), (-1.8234405959712103, -0.821623023633197)
9: (0.0, 0.0), (-1.0754102606876514, 2.8006236396930806), (-3.8760339003807314, 1.725213379005429), (-2.8006236396930806, -1.0754102606876512)
676: (0.0, 0.0), (22.102359255493152, -13.692542325701101), (35.79490158119425, 8.409816929792054), (13.692542325701101, 22.102359255493152)
1: (0.0, 0.0), (0.7616254426442077, -0.6480175037119096), (1.4096429463561173, 0.11360793893229908), (0.648017503711909, 0.7616254426442081)
