(0.0, 0.0), (0.2986771599105664, 0.42277789272723404), (0.345950221559687, 0.9382528679427541), (0.1291524062547338, 1.4083038223191089), (-0.29362548647250036, 1.7069809822296753), (-0.80910046168802, 1.7542540438787961), (-1.279151416064375, 1.5374562285738427), (-1.5778285759749413, 1.1146783358466092), (-1.6251016376240628, 0.599203360631089), (-1.408303822319109, 0.1291524062547339), (-0.9855259295918757, -0.16952475365583253), (-0.47005095437635536, -0.21679781530495348)
(-0.5100147007962992, 0.08851100159180281), (0.0, 0.0), (0.08851100159180247, 0.5100147007962995), (-0.4215036992044967, 0.598525702388102)
(-0.5249757825949879, 0.06678596241998958), (-0.7612864986708099, 0.5273361094168774), (-1.2218366456676977, 0.29102539334105515), (-0.9855259295918757, -0.16952475365583247)
(-0.9024968237339962, 1.0272970223592806), (-0.7523893530450995, 0.5319012818906075), (-0.25699361257642667, 0.6820087525795043), (-0.4071010832653233, 1.177404493048177)
(-0.22542226435958757, 0.6921160081797937), (0.2627660741619426, 0.8642245162864832), (0.09065756605525305, 1.3524128548080134), (-0.39753077246627755, 1.1803043467013237)
(-0.9199475248430291, 1.1706433722191862), (-0.40263167822545953, 1.1889055536187245), (-0.42089385962499826, 1.7062214002362948), (-0.9382097062425676, 1.687959218836756)
(-1.5998722697935526, 0.776592486702238), (-1.13031640706945, 0.5587244435831371), (-0.912448363950349, 1.0282803063072397), (-1.3820042266744514, 1.2461483494263406)
(-1.3777953392830153, 1.2552194721201537), (-1.1313262752316187, 1.1762239116536997), (-1.0523307147651646, 1.4226929757050963), (-1.2987997788165613, 1.5016885361715504)
(-1.4612255993882621, 0.40875768893551184), (-1.2264018181414276, 0.2999225389667657), (-1.1175666681726815, 0.5347463202136002), (-1.352390449419516, 0.6435814701823465)
#
1: (0.0, 0.0), (0.24646906405139668, -0.07899556046645397), (0.3254646245178507, 0.1674735035849427), (0.07899556046645398, 0.24646906405139668)
1: (0.0, 0.0), (-0.475237114059026, 0.2051801107611806), (-0.6804172248202066, -0.27005700329784543), (-0.20518011076118062, -0.475237114059026)
1: (0.0, 0.0), (0.018262181399538217, -0.5173158466175697), (0.5355780280171084, -0.499053665218031), (0.5173158466175697, 0.018262181399538543)
1: (0.0, 0.0), (-0.33197436958434245, -0.39716773581221454), (0.06519336622787204, -0.729142105396557), (0.39716773581221454, -0.33197436958434245)
1: (0.0, 0.0), (-0.44051100877256394, 0.2718441531122212), (-0.7123551618847851, -0.1686668556603427), (-0.27184415311222104, -0.44051100877256405)
1: (0.0, 0.0), (-0.47581899399187133, -0.20382707717005102), (-0.2719919168218203, -0.6796460711619223), (0.203827077170051, -0.47581899399187133)
1: (0.0, 0.0), (-0.5139384885344207, 0.06177719995336169), (-0.5757156884877824, -0.45216128858105903), (-0.06177719995336196, -0.5139384885344207)
1: (0.0, 0.0), (0.3210678379812286, 0.4060352642876997), (-0.08496742630647101, 0.7271031022689284), (-0.4060352642876997, 0.3210678379812287)
1: (0.0, 0.0), (0.11094473041941429, 0.5056089983606761), (-0.39466426794126175, 0.6165537287800904), (-0.5056089983606761, 0.11094473041941431)
1: (0.0, 0.0), (0.030260673489482182, -0.5167528268631779), (0.5470135003526605, -0.4864921533736952), (0.5167528268631779, 0.03026067348948251)
1: (0.0, 0.0), (0.2928270467076173, 0.42685069186732905), (-0.13402364515971177, 0.7196777385749463), (-0.42685069186732905, 0.29282704670761733)
1: (0.0, 0.0), (-0.20570014249256371, -0.15708198332819603), (-0.04861815916436771, -0.3627821258207597), (0.157081983328196, -0.20570014249256371)
1: (0.0, 0.0), (-0.46229804866781443, 0.23287272624558933), (-0.6951707749134037, -0.22942532242222508), (-0.23287272624558933, -0.46229804866781443)
1: (0.0, 0.0), (-0.2549909645216726, 0.04434981533318678), (-0.29934077985485935, -0.21064114918848584), (-0.04434981533318668, -0.25499096452167264)
1: (0.0, 0.0), (-0.4253163699151952, -0.295051144572061), (-0.13026522534313453, -0.7203675144872561), (0.29505114457206116, -0.4253163699151951)
1: (0.0, 0.0), (-0.2802251788187233, -0.4352275744793027), (0.1550023956605794, -0.7154527532980259), (0.43522757447930266, -0.28022517881872333)
1: (0.0, 0.0), (-0.2293052847627286, -0.4640778801138943), (0.23477259535116565, -0.6933831648766229), (0.4640778801138943, -0.22930528476272863)
1: (0.0, 0.0), (0.1569086381788531, 0.20583240117298937), (-0.048923762994136234, 0.36274103935184243), (-0.20583240117298934, 0.15690863817885312)
1: (0.0, 0.0), (-0.04476134822634063, 0.5156991508002343), (-0.5604604990265749, 0.4709378025738937), (-0.5156991508002343, -0.044761348226340605)
1: (0.0, 0.0), (0.31251221311512034, 0.41265640560278743), (-0.10014419248766707, 0.7251686187179078), (-0.41265640560278743, 0.3125122131151204)
1: (0.0, 0.0), (-0.23284488946372786, -0.4623120697989044), (0.22946718033517705, -0.695156959262632), (0.4623120697989044, -0.2328448894637279)
1: (0.0, 0.0), (0.4599922116805818, -0.2373949401826611), (0.6973871518632428, 0.22259727149792077), (0.23739494018266105, 0.45999221168058185)
1: (0.0, 0.0), (0.4124093290065157, -0.3128381974432119), (0.7252475264497276, 0.09957113156330387), (0.3128381974432119, 0.4124093290065157)
1: (0.0, 0.0), (-0.25880985438346693, -0.002181142312939514), (-0.25662871207052745, -0.26099099669640646), (0.0021811423129393837, -0.25880985438346693)
1: (0.0, 0.0), (0.25222254481943235, 0.05806105400860454), (0.19416149081082784, 0.31028359882803686), (-0.05806105400860453, 0.2522225448194324)
1: (0.0, 0.0), (-0.4190636990148537, -0.303866432168988), (-0.11519726684586534, -0.7229301311838418), (0.3038664321689878, -0.4190636990148538)
1: (0.0, 0.0), (-0.24490051210181918, -0.08373193703747324), (-0.1611685750643461, -0.3286324491392923), (0.08373193703747332, -0.24490051210181912)
1: (0.0, 0.0), (-0.395457794243418, 0.3340094690323211), (-0.7294672632757391, -0.061448325211096895), (-0.33400946903232087, -0.39545779424341815)
1: (0.0, 0.0), (-0.23384913260492965, -0.4618049107697368), (0.22795577816480778, -0.6956540433746663), (0.4618049107697368, -0.23384913260492968)
1: (0.0, 0.0), (0.5129898136372443, -0.06921447489902584), (0.5822042885362703, 0.44377533873821845), (0.06921447489902585, 0.5129898136372443)
1: (0.0, 0.0), (-0.23095030900678393, -0.46326142425286576), (0.23231111524608114, -0.6942117332596499), (0.46326142425286576, -0.23095030900678395)
